1581
13899
5905
6556
9502
5208
2633
16556
6251
343
6786
7432
8205
6250
13269
6681
2592
14126
10248
10210
15571
9557
6482
12117
2756
12465
1459
9203
18516
5539
8213
11911
7100
10722
16886
12244
16114
1329
16759
5681
7463
6906
70
9844
9829
16537
1092
17499
7226
3010
12420
3883
16938
5023
13457
16042
4192
8950
3155
11711
9541
15889
10144
6262
9883
3231
11217
10202
11186
1186
10849
8005
9442
8451
4831
1193
3938
8644
17131
4986
6355
10226
3729
1137
2554
3345
8873
5052
16810
16110
15464
19849
8125
5396
19770
7250
15427
16013
1030
6819
17092
2853
7989
8016
7187
7977
12864
16490
19417
11526
7373
3097
3249
8826
14043
18862
16567
6502
1846
10238
18277
14086
16493
6801
1380
14292
15371
1484
4539
7684
6246
668
9415
8339
1576
16229
3962
8326
9945
3025
7905
5929
5562
10191
6882
6267
19272
11243
19232
5978
11832
10183
5514
11875
5407
54
15135
9809
11323
12520
7806
13328
16650
13677
4271
11125
18609
8336
17143
4082
8929
7496
567
1008
19478
3056
9756
4307
19906
13313
4798
2519
1503
9025
6693
11213
4276
3927
17987
1271
11470
9585
5802
1251
11996
19292
5549
5445
7284
11083
2370
6629
2068
16318
1565
6319
4877
2857
1741
7341
10139
6900
6667
3620
13893
10310
14629
9648
8914
16504
16264
2805
4487
4705
13368
19287
11885
15848
2999
9923
13300
11589
11561
7008
9086
533
8152
12715
19005
5943
7498
14154
465
1108
6097
6145
2320
11971
18471
17330
6480
8060
2381
11563
2881
7255
2413
12686
11535
9735
1803
7083
1454
18290
4011
9678
3470
7486
17759
10053
17111
8986
14461
5166
8463
7883
1877
19666
10225
10013
4691
18725
8452
6310
12479
17456
12687
8937
9710
13990
3717
8883
15509
4549
8746
12803
836
5568
9997
8616
579
7621
16335
2798
19904
12126
13737
7025
17298
4338
14088
1572
5240
9950
6670
3586
16474
3252
525
9799
6314
9409
19941
9668
9939
19230
10491
509
6390
2276
4668
114
8993
18532
4823
2002
15050
1264
4773
19095
8991
7888
14373
7442
11477
3834
5625
4560
11999
1726
5533
12490
9131
15220
175
11156
10239
7144
46
4727
17773
8035
9826
8498
84
10213
2593
6394
9266
15375
5102
566
14131
10393
7635
9315
9886
8690
9276
6203
4800
423
18616
7636
10353
14226
6403
10533
1627
11900
6924
6478
8329
13440
11987
13833
12300
16165
1758
13749
18503
7175
9828
12050
10748
13872
17764
8108
8304
8264
10315
8625
18898
947
2629
4838
6796
13123
2329
4984
13106
6221
3926
6718
10847
12158
10121
15715
8793
12361
4405
17532
18211
12505
5556
4064
1029
10052
15908
3236
15875
15724
4143
7490
7548
8637
14706
19395
5475
16883
3013
18600
8327
7815
9071
10880
6226
8838
2731
4783
1596
10348
18415
6039
14839
6018
5369
5220
7076
9163
2790
3361
3385
15730
7395
15819
12413
16681
11498
6535
9816
9240
11332
14209
1650
14006
3733
4048
7275
118
10330
5231
353
5968
19710
9437
8951
17541
6163
221
964
11237
10734
9480
4537
18723
10153
3751
450
4337
14610
468
845
649
12101
10283
13121
11539
14140
9810
4340
9432
3655
13238
11391
4740
800
11073
5323
9818
5448
13155
19481
8938
15638
13549
18360
14826
4553
2925
1563
11581
1308
11961
11167
13722
7311
8180
18995
5265
15065
11658
5656
5777
14774
11157
10608
582
6840
3287
160
7831
6831
6368
16100
8715
2213
8122
1318
11591
3643
11935
11066
8510
8896
10005
8116
5915
16188
18578
8305
17461
8497
3368
12946
13020
5926
13143
18978
11496
458
12526
9073
19346
9725
10163
5401
11843
12072
6577
7257
17530
7214
8870
17538
14733
4460
10551
11634
11485
8983
8726
9102
13034
3600
8012
8689
17831
929
4932
1762
6769
6219
16492
14886
2779
8582
10244
13850
10392
8703
7825
18098
8836
19109
9674
1884
3069
6551
17626
15655
2740
7804
10137
18094
7252
4208
4514
14787
1005
5962
2950
472
6204
3196
14701
2641
13439
14254
9610
8280
18713
4543
14422
4020
1527
7599
1904
9549
12161
1888
9423
12263
12243
2542
9639
237
10510
11229
542
5314
10524
6466
1670
815
11404
3058
3817
10531
18286
674
6059
5223
3350
18046
15114
192
12467
12037
6652
16925
5804
8546
7855
9712
19186
5606
13465
2899
9796
8472
15435
8702
17628
8539
3060
15917
6245
12627
7639
9135
7021
12623
13981
17810
13627
774
14607
4334
3084
8740
331
710
15594
464
15971
15501
2992
12294
9682
3226
6572
5076
15349
7305
7868
7335
18640
1437
6518
6042
5143
7286
15419
1878
18670
9998
7423
1203
7064
8015
5678
15951
7474
12666
12053
3261
15677
9996
8633
13629
3696
10129
5082
400
9067
15402
9451
5862
179
10452
14133
1064
19500
7145
5579
6195
10267
9855
7342
19203
8930
13074
8980
18540
5859
11853
12761
4634
7598
8299
11648
13380
3107
1424
4866
9295
18504
8781
11644
7125
13459
10451
178
14667
8103
3083
4440
7406
5963
9264
19537
1495
19491
9218
9407
17419
11505
2765
13038
19265
4285
8834
3460
13733
14381
4108
5019
5615
610
8807
718
1515
1483
13841
11576
1303
3826
14099
4762
9836
14510
9611
11174
9693
3945
8843
12216
259
11916
4067
16622
10457
184
5276
10093
19646
9603
11950
1677
14807
16058
1908
7766
12090
14785
14646
17154
265
10480
207
13099
1893
18854
5609
6977
2581
8891
18548
7346
16968
2491
16726
7381
657
10930
10512
239
2597
699
4710
9099
3842
5631
2797
13066
2793
632
7366
1610
11883
9449
14341
7761
7055
9445
7516
9138
236
4400
13361
8562
14885
9999
13851
4869
14205
17475
9798
9629
12762
4390
1176
11449
17904
7741
2771
18464
19960
9687
19010
7291
10388
9897
13622
18365
8978
14207
2119
1776
2447
18686
3320
112
10385
3234
7999
3371
9658
9057
9914
15679
3173
8476
7316
2090
141
9044
1593
1552
11825
5987
18304
6484
4328
13585
3312
7669
7465
15095
5198
15471
11545
5515
18675
4315
18470
8484
12926
17973
7528
7024
394
2060
6552
9496
6528
191
14615
6704
14027
4425
13763
3490
9573
6824
9359
8027
346
2737
9889
9100
17492
8317
11611
9552
5156
7317
7574
7604
4359
6068
16341
3202
5578
17060
284
10557
16547
5362
18782
19503
15983
12180
3799
14072
13559
8
35
10308
3036
716
3549
2262
12535
10180
6682
14593
19343
5808
139
12572
3029
4717
8131
13605
7001
6642
11797
4481
9514
10344
18247
15365
15837
5564
8673
19609
17535
6269
14165
7786
6530
19584
6406
17783
2205
3206
3413
9037
10169
5520
3445
6222
5946
2957
1561
2547
11212
939
15340
5067
5984
15184
14132
5047
5730
16003
10114
14547
8045
15236
8954
19227
2989
6354
1507
11780
11667
13569
17429
4701
6978
18638
5536
252
10525
7940
7976
5432
8168
13122
5326
18828
8555
5398
2546
8874
34
2757
521
198
12364
10331
6359
16632
9515
19788
12515
2714
12769
4214
12519
8827
13712
6886
13240
9211
6600
1455
3928
2129
8897
19170
6550
17636
8271
9738
7206
17479
3901
13774
8933
13007
2734
7867
10788
15233
17565
7292
11636
17849
7396
12045
11398
2567
12840
15086
4813
1247
5383
11451
12066
6322
16595
8504
1270
17031
6758
16784
147
1691
15591
11712
1439
8123
12277
12030
7731
6939
17212
7737
3638
6031
3057
9523
11092
10325
9590
2569
2770
12132
17550
10549
6389
5680
9744
6391
16664
6434
12848
1457
7875
3220
7022
15263
4990
13371
3098
18974
3688
3004
11528
7298
5869
6094
4545
8609
2977
17365
11001
10127
3999
10751
478
8096
5273
15546
2687
3144
3541
4674
973
10546
6711
16984
1787
2596
8669
2711
10831
9492
19765
3746
8754
5416
8322
16460
262
7770
7058
10844
5433
15706
17395
8416
4036
7493
8282
18555
8796
9313
19586
7738
15470
15229
13659
3386
16912
6639
9703
1959
17420
13437
3164
2079
2480
15133
9028
7722
10775
9253
1775
2539
2723
9519
3615
15738
5465
3397
16115
5025
15298
16816
2189
5188
10577
304
6085
8600
4292
14565
15087
4499
10937
664
14919
13135
4583
16133
3812
286
4812
15085
19713
6699
8881
4530
10498
7913
17358
7085
15106
14759
4582
6810
8821
3515
4929
79
8639
9623
9929
3694
18361
3607
690
10963
1944
12453
14335
15760
7813
837
9857
5322
16134
3973
2776
11112
9493
17319
6993
8067
6063
570
10843
12661
8483
10197
15989
5716
7327
4659
18179
9872
5931
9115
10068
8688
2481
12754
13254
7670
3596
10160
8366
17379
13325
12592
2877
3784
19163
8890
2727
2087
12360
1238
7051
5834
11071
1062
11335
802
11075
4733
5132
18971
16108
6974
16300
6678
11082
6412
14305
5446
2075
17209
5331
4516
10865
8222
11241
11288
9654
10288
15
9968
6872
15566
5293
4477
9294
12431
10742
1631
11514
1837
16444
6171
2521
5813
10184
880
3522
13795
6620
17570
14193
7151
7748
9908
3996
14269
7017
17290
14925
17988
3307
7995
12909
2636
19277
6113
4571
7626
17899
19314
4870
15143
5583
14687
7683
1458
428
11361
5051
626
13094
17881
12118
13373
2073
6020
8772
9740
17878
10135
14843
10766
339
13432
16482
2608
12881
1022
1209
3241
3343
5640
17248
6975
3957
16256
12777
2504
654
10927
17974
16198
5925
13441
3168
12896
8676
5999
6340
18711
860
4278
9800
910
817
15753
19894
9621
14730
4457
6792
7885
17107
9364
17896
8206
18479
170
498
8728
11442
2544
98
8360
9225
6086
2754
8894
5424
1273
14430
10182
9797
11741
3900
10061
4865
15138
7844
14697
12859
2586
2570
12843
14562
8268
9581
19003
9808
12159
1886
7524
2291
5373
7796
12327
2054
7593
7347
92
10560
352
9604
19877
18931
18657
19978
9705
3308
8653
16352
6079
16252
4106
11134
5576
5502
8760
546
6630
16903
7094
2202
12475
7661
16120
1254
8348
7166
7049
13847
3574
12684
922
11195
5870
15048
12528
2255
14747
18785
8512
16786
13378
3105
3298
8380
18653
656
10929
18939
3575
10526
14040
7332
17605
3958
14320
12272
7944
18422
4964
1152
5967
2710
18297
6496
3762
9081
7007
17280
17127
2101
5145
18113
14666
10706
433
11359
923
11196
14459
4186
12954
8383
18656
2233
11901
5670
8919
328
10208
3493
16048
4577
9147
224
4303
8355
1490
14092
3819
1545
11818
7797
13163
10910
9837
8316
12257
1984
14399
4126
14735
15548
5275
11148
3955
12558
9010
299
83
13508
4663
18468
3795
5418
4239
16145
13355
3584
18822
8549
9659
13069
1829
6173
16446
2243
3314
8486
5247
7078
6949
17222
1065
6419
6328
9213
5176
1481
2874
9934
16985
3171
5216
19736
9183
13092
3448
13721
3390
2371
19477
7511
17784
3997
11928
9314
15653
12660
2387
8751
1322
11719
1446
11633
3598
17926
18533
8260
5291
7956
15019
5110
4147
15541
4998
5537
7782
18055
753
12114
6940
3789
5697
15970
11927
8485
18382
12510
7443
5703
2408
2347
1909
4943
15216
10206
8136
18409
10896
15164
4891
8572
4323
13948
5334
15607
14091
8638
914
14137
15768
5495
10419
146
7447
16136
7033
19246
4925
10119
11038
7168
7181
7150
2516
10317
5621
3631
2392
8134
16129
1172
6698
10285
15584
7641
6538
238
14318
1011
11808
11618
12140
11221
16741
8342
5634
14894
177
10450
14255
2509
6139
9301
17890
17221
6948
5490
8654
17643
7370
3766
2827
8762
4058
2852
1087
7633
3517
13790
963
4576
2301
12574
5764
19037
4114
5744
292
4368
7618
10178
5558
19366
9093
19946
5081
9976
7859
4509
5743
11407
3633
9873
7540
17813
6889
8780
9876
11437
7893
18166
11060
787
3727
10785
5489
11564
9981
5754
8932
17846
9454
19280
16930
4532
14805
10427
4023
4238
14511
782
8162
6505
16778
6816
908
11181
9500
12069
1796
8663
8398
8023
19661
6918
6545
8007
18280
8412
8448
7780
6944
14507
10671
11671
747
11020
17477
7204
3569
9076
11694
6826
17099
16837
6564
17054
19695
9422
1528
5788
4362
8333
8892
17
10290
7664
3601
7848
18121
9973
11283
1010
2666
9104
708
17497
7224
11344
8858
11956
3555
7356
7798
5053
14564
3787
7344
8215
11458
15665
2508
9145
10917
7280
11484
5790
5421
2494
7044
17317
8970
2994
16192
11970
485
7918
3190
7452
9299
19601
9588
4021
10326
17189
19214
8941
8969
6416
16689
7120
17393
18456
714
16941
17055
9827
5759
8330
4732
11116
6129
12252
14312
4039
6753
91
6729
9236
8996
19269
10614
341
7981
1027
11300
6820
16079
11906
12618
11973
9023
6578
16158
8995
10939
33
14653
6674
16454
11815
1542
4564
7850
101
10374
18100
7827
4155
2430
15512
18849
6597
5141
5456
4951
7978
6532
4344
8112
315
10588
9971
6738
14948
9893
10617
19254
8981
11785
6323
19427
10832
15064
4791
11909
18350
8077
10059
5736
14474
11650
4370
10209
7579
13448
17672
5064
15337
18336
3494
3678
10147
11826
13251
1801
12074
6248
4309
18741
8468
5425
12109
1958
12231
9221
17659
7386
9787
11488
7012
8832
19105
15978
15390
5117
249
1263
19935
11203
930
18309
9167
2903
17709
7436
9158
730
3674
8920
19193
9390
17495
9291
19247
8083
19218
4465
4706
17967
3391
12554
2281
15039
233
19871
9598
4623
4720
14993
11416
18843
8570
19276
4779
7060
1870
11761
1488
6815
6424
16697
4471
2022
11197
10083
6102
14183
9408
209
10482
11250
791
14264
2901
780
11053
4676
13688
10102
4880
15153
8878
9121
111
10384
10679
8884
2212
17161
6888
10092
73
10346
4284
14557
19913
9640
15529
18517
3837
4345
16125
5852
2467
12740
3726
1554
3108
6156
7961
10227
10646
8962
11256
983
1000
6607
6035
1453
7695
3559
5823
16096
5975
1236
12739
2466
12270
5749
13963
9667
19940
9509
19709
9436
19525
9252
8877
16875
6602
7185
10043
6233
3034
9741
7620
3339
7809
14645
7225
22
10295
16087
7267
11480
3295
13568
16020
2863
14840
12480
2207
2865
4787
15060
15817
3681
13954
6369
519
3093
1869
8041
4521
12513
3304
8126
7952
12357
2084
9034
5512
17848
2932
12220
1947
4265
13395
3122
18446
3447
6806
2806
7161
17434
8964
19237
15645
17581
7308
13801
5122
8511
13608
4302
14575
12599
1872
13072
4618
14891
8502
6084
14240
9330
16710
6437
10730
457
9434
16432
9788
17061
13626
3353
3481
13754
2864
16578
12224
16326
14546
4672
16088
9904
19270
8997
4807
721
327
10600
3944
8755
4607
9699
1235
8297
11454
14087
203
10702
429
10232
8331
436
10709
6953
296
10569
6605
4817
5628
3169
14659
4386
5748
9471
3773
4043
11666
1393
8724
18997
1674
9189
17640
10011
1142
11415
317
10590
5066
14041
3768
10056
15243
4680
5973
4510
7580
1175
11448
19403
9130
10431
1879
3992
2630
7107
13497
4721
10002
11444
9231
6103
17549
3730
14003
18196
12221
1948
12675
18447
13816
3543
6358
16631
5530
6175
2720
12993
15499
5226
17235
19571
9298
3882
13625
3352
11716
7240
12685
6338
13169
9750
13474
12888
7530
10543
6372
10790
10138
10349
76
2650
2366
12639
3538
12447
6743
18755
8482
9602
4350
866
3899
19155
13966
8084
12512
1558
10499
4917
11908
3342
14249
3341
17299
7026
8246
18519
3524
13797
16210
10587
8697
2452
3805
14241
3968
19046
8773
9478
15130
4857
1964
16310
14957
15484
2696
15644
5371
12096
8424
5360
7246
266
10539
5955
19977
9704
8801
19074
2683
16185
2288
12561
17714
10174
6945
16206
4443
9724
19997
78
2984
13257
4786
10336
18448
7990
7980
18253
6683
13261
1234
11507
12745
4949
7387
5894
641
3443
16720
6447
6865
9672
244
8020
3187
12757
2484
4327
384
10657
6549
8374
1444
17443
7170
19580
9307
13350
3077
8708
19970
4140
1637
1497
19958
13921
3648
1366
7468
8279
13433
3119
13647
13570
14104
7904
18177
3911
2058
13685
3412
15614
994
11267
4406
14700
4427
7376
879
11152
5158
10122
10561
6106
16379
825
11098
16970
7562
1848
12121
9499
19772
2766
13039
1998
16704
5524
16224
5951
2550
7897
15228
4955
10547
274
9193
12344
14952
6148
8269
18951
17929
5763
14741
10459
186
2228
12501
6292
5161
15434
6563
9085
19240
13117
2844
3465
10217
18765
8492
15293
5020
16792
16848
8845
15758
6227
8049
7413
17686
193
7681
4377
14650
3362
1068
11341
17023
1260
11533
10063
6184
1083
11356
12718
5612
1441
8341
7596
16532
6259
18562
4357
8987
8880
19807
9534
11579
19578
9305
14214
13047
6756
17029
11573
1300
12626
6462
8921
8936
8075
17680
5018
5279
15552
6616
10828
555
9458
14521
4248
12693
11227
5222
15495
499
13111
2838
8885
19158
7584
5893
6234
19002
8695
18968
10602
329
1880
17606
7333
14737
14604
19216
8943
8803
13160
9310
7790
18063
10850
11582
1309
15750
1359
11632
13513
7325
1358
11631
10813
4371
598
3022
17653
12569
285
10140
7322
7985
12581
1486
720
17701
7299
16989
6716
17781
7508
1036
11309
2377
12650
17014
6741
4906
18852
7833
15049
14535
4262
7672
17945
18176
7903
2712
1274
143
10416
17210
4753
12147
12202
9560
19833
11793
4484
3894
13758
17765
16598
6325
5961
4527
4411
14684
16939
18704
8431
11773
1500
364
10637
2670
385
12872
8591
9166
2098
18206
13247
2974
18494
8221
2145
12418
2604
7247
2443
3649
8137
14308
1568
8652
15622
3306
13579
9902
8216
2146
17426
8605
1579
3959
19579
12890
2617
15348
7775
10007
338
10611
11774
14842
10237
17767
15018
4758
17780
7507
11803
1530
18693
4103
5778
1956
12229
11809
6461
10876
17930
173
8488
9649
19048
8775
12596
2323
13761
3713
5410
11974
13012
10406
5608
2256
2579
10957
10048
8534
19015
8742
4247
17108
496
10219
12911
5666
1413
12970
3741
14935
4662
1100
8767
9460
19733
4268
8844
6721
10141
18867
8594
3998
15692
5419
10236
2507
12780
4085
634
12280
18722
6225
15937
5981
8241
5055
6326
16599
7947
828
5473
5058
15331
10725
2195
3177
6371
3212
17186
5508
6589
10563
290
781
11054
4388
19784
6107
7677
9202
19475
17057
6784
9303
4231
12320
9108
10746
4436
1145
14191
3918
10515
9935
3419
3715
6574
2178
8394
4158
14431
9172
11541
1268
12590
813
1739
9824
5201
10265
16637
14452
31
4071
14344
8568
16149
4281
4163
18452
8192
2966
19371
9098
3217
4954
9813
13665
3392
10597
10268
9369
9101
5500
4228
9745
2401
12674
8459
8002
15690
5417
8047
1981
7248
7315
17588
4935
14166
3893
11164
14023
2763
453
4009
14282
1506
3682
9151
19424
1804
12077
17165
6723
18185
7912
5397
15670
10936
5783
4988
15261
14334
11981
1708
4871
12095
7760
5671
14005
3732
805
11078
17861
7588
10189
19925
11742
14267
3994
869
11142
862
11135
16481
872
19353
5017
1002
11275
12264
6296
16569
6853
12577
6120
13834
3561
4728
10190
552
7337
980
8926
19199
6054
1900
12173
15786
5513
919
8603
10301
7688
10518
245
6910
10695
6061
12379
5046
13864
3591
7816
11293
1020
725
10998
9270
14778
4505
5651
15924
19918
9645
19910
9637
11917
1644
8953
3904
14177
2428
13494
3221
15518
18430
8157
1621
11894
18573
7699
17972
8958
12550
8115
11489
1216
19360
5130
3301
17181
6536
16809
13471
16458
16927
12965
11703
1430
19752
5345
15618
9430
19735
2961
45
10318
7529
9089
1440
9694
1856
7285
17558
9228
12642
3388
5696
9962
3379
19063
8790
2935
2786
8445
4129
4868
15141
4853
15126
15928
5655
13042
2769
2295
6497
16770
8769
12878
14881
13435
3162
3878
14151
5460
10192
18526
8253
2587
14516
10683
410
11878
5898
11392
17305
7032
3630
16259
5986
7515
4042
1634
3337
6051
5363
3436
7571
9571
17868
7595
4976
14239
4826
9918
10774
12115
19428
9155
11150
5376
16806
11009
11065
792
8313
17384
8128
6772
12228
3639
13040
14703
18883
3429
11914
6378
5085
3079
17234
39
10312
9572
2170
4781
7615
4756
4898
16668
16514
7159
17432
7457
13168
2895
4162
3656
8345
8156
6548
16821
3451
2802
4687
16197
17038
4946
3251
14813
8799
11893
12724
2451
14786
9910
7215
17488
2889
3188
13461
10980
2380
3210
9464
5320
6707
16980
12449
3446
13719
629
16026
7482
9056
10848
575
10985
3411
13684
17078
12615
2342
3711
6329
10303
30
8646
13711
4351
5255
7109
16773
8789
16782
16347
17512
7239
7087
4522
1199
15492
11646
17353
7080
371
10644
9846
18222
7949
15508
5235
7213
3786
7352
3984
3627
10095
541
7734
2130
12403
18091
201
19939
9666
7778
12442
11056
783
6818
1021
680
10953
1220
5056
1382
11655
6433
16932
9913
2971
11265
19743
10032
8106
513
10786
17850
7577
5429
15702
1157
15844
10982
709
890
14823
4550
9825
1588
11861
14175
4333
9165
2396
17924
1327
3400
1646
11919
12441
2168
2221
12494
10442
47
10320
4939
10728
455
2893
619
10892
7820
8704
18977
896
7283
6414
10229
11362
1089
4665
19128
8855
10186
9335
1231
6230
19672
9399
1109
11382
9951
6091
608
10881
16297
6024
991
18715
14412
1401
2637
14631
8143
3258
12476
2203
3657
5540
15957
11846
17845
18330
8057
2252
12874
2601
17200
15556
9047
11151
878
5585
9794
4945
4027
14300
6608
11542
1269
16484
11628
1355
17313
8825
19098
614
10887
8113
18386
5270
5820
4709
17243
6970
6032
9961
5026
11929
1656
8613
11627
1354
5232
3566
9505
19778
14462
12386
2113
5685
16969
8419
8556
7832
7887
8081
19592
3165
8018
309
7545
10860
4408
14681
11980
3706
4034
19590
9317
19798
1315
11588
11807
1534
12176
1903
8550
466
19651
6968
6316
16589
13502
8872
17580
7307
13178
2905
9722
2241
12514
4343
7218
17491
11637
15545
2385
12658
1604
4772
4924
13648
7349
7611
19309
9036
4146
1155
11428
4624
9858
5088
10264
9214
7253
8411
18684
3776
7924
16863
1379
11652
6981
16552
6279
9864
12175
14288
4015
9832
14917
9419
3017
5750
3610
4959
928
10091
1702
11299
1026
1675
3755
18921
8648
744
3662
15030
11138
8311
17219
6946
12169
18706
8433
7521
10086
6706
18708
8435
313
10586
5582
15855
15650
14603
4330
308
14446
4173
18335
7724
3285
17631
13727
3454
10188
9473
12641
7038
17311
12154
19386
11104
1658
4654
19016
10269
3582
1614
11887
9683
61
10334
12483
565
14066
3793
11158
885
14411
4138
15076
12986
2713
8161
12288
2015
16654
6381
7197
17470
7445
17718
3785
3427
9642
17860
8250
18523
19794
9521
19595
9322
3132
2750
11851
8396
11429
7131
17404
17368
7095
8830
19103
2559
8378
18611
8338
7318
9290
19563
2043
12316
7504
13887
9209
5054
15980
5707
6205
12061
1788
5916
16189
17940
2866
1278
15010
7882
19594
11124
5013
11736
1463
2927
14636
4363
2886
12975
2702
3986
12692
2419
9620
10055
5506
2986
13259
7668
14339
4066
7167
6506
7130
10700
6726
16999
3703
19555
9282
15804
16130
1258
11531
2719
11036
763
2745
4590
14863
14900
15610
5337
16362
6089
15570
5297
11668
1395
9622
8768
14862
4589
6455
10893
10235
2089
12362
4686
307
10200
5700
5155
9801
13818
12383
2110
12284
511
10784
15400
1130
16391
1618
12164
7077
7792
12978
2705
6402
12652
2478
3803
12412
9881
3748
8835
16237
19096
3115
8202
2322
7409
840
11113
6026
4012
3183
19398
9125
14212
7369
5928
11015
16868
6595
6333
11420
4450
19810
9537
4485
14758
3189
3090
13363
6802
8554
18827
17315
7042
1890
17151
1791
12064
5428
5553
5751
15925
8525
18798
3537
8624
1016
6038
16212
19917
9644
4557
19818
6691
2211
12484
16620
6347
2884
18145
3695
8782
8683
18956
11130
6043
5902
16076
7414
17687
12600
11483
16570
3838
8925
5105
15378
15477
5204
2182
12356
7269
18561
8288
19647
9374
4287
6256
11343
11175
9371
2468
7555
12499
2226
8530
15850
5577
10664
9157
3971
14244
417
10591
2759
13032
18218
7945
4304
3066
8153
14851
9764
4677
14780
4507
1076
11349
16505
6232
18762
8489
6669
1582
11440
1167
12279
2006
778
11051
3980
7745
18018
15767
1625
12897
2624
7711
7208
2121
14190
3917
6979
17153
5474
4490
4391
14664
8315
13402
5958
11144
871
5731
16004
743
5830
11290
4494
4395
14668
5449
12517
12616
2343
7430
1768
12041
7769
2583
12856
5687
15960
5786
600
10873
17327
7054
17293
12206
3752
8839
13926
9830
7473
2287
12560
2386
7374
17647
12452
2179
7266
6488
1911
12184
2794
13067
704
5692
15965
10878
8634
9223
19496
4322
14496
2220
6420
11979
1706
6793
16967
11880
5164
10251
77
5668
581
10755
15842
3311
11069
796
5883
19911
9638
9212
19485
3064
8151
15752
5479
392
10023
15110
12380
8034
18307
3046
8237
11185
683
10956
1592
3949
5218
15491
5317
230
1778
12051
17237
6964
2534
7310
7211
17484
2124
12397
12496
2223
9769
12726
2552
14258
3985
9072
4966
15140
17388
7115
8234
3048
13321
4556
342
10615
10714
441
5044
10131
5157
10781
508
10682
5595
6933
14275
4002
9288
3738
10809
5722
2100
5252
10438
165
7451
14149
9643
19916
11550
1277
16538
7689
2602
7910
18183
2922
2067
12340
6559
12895
9941
8118
18292
6524
9263
8612
3525
3426
13699
10669
396
5483
9943
18095
7921
8223
18496
10082
7535
12622
12249
17336
7925
14119
3846
19393
9120
19866
9593
3742
2302
6356
1170
11443
16530
88
10361
187
11672
16858
6585
4568
4469
14742
16102
5829
8186
13273
12195
17381
7108
7009
17282
18162
7988
18739
3478
19014
8741
18915
11959
1686
15874
613
19178
8905
4288
14561
17017
6744
19104
8831
14017
3744
13545
16785
6512
1425
16686
15940
10853
10245
7630
12717
13031
2758
9894
14981
2014
19821
9548
10943
670
5503
416
19308
9743
9394
7037
17211
8802
106
10379
12390
2117
1099
11372
6285
10233
7031
17304
569
4910
2230
12503
17689
7416
4117
2506
11954
6867
1953
5592
15865
6487
16661
564
19851
4491
14764
4065
3280
8464
3377
10821
5734
15535
11363
1090
6177
7454
9483
4396
4297
14570
12094
1920
9117
12746
489
10762
12631
3203
17698
7425
7326
17599
6887
18672
4308
14482
15055
4782
4318
10545
5831
9192
4105
2044
12317
14674
2628
3585
12417
17207
1946
19942
9669
19097
2499
7586
3146
13419
15870
5597
18227
7954
10727
454
15814
5541
7045
6539
16713
11626
15967
5793
4574
14847
5071
10158
2257
18591
18690
8417
3330
15125
10038
5338
18371
8098
3011
11216
16303
11315
1042
19173
2674
15304
5031
11245
972
6951
9575
1826
12099
17522
7249
12435
2162
14180
3907
1191
6278
16452
19599
9326
2983
7971
18244
14384
9297
9198
19471
4828
9915
12744
2471
14164
3891
19152
5108
10195
3130
11967
16549
6276
11863
1689
6515
1901
12174
13173
8086
13055
16226
5953
18583
8310
3223
4435
9522
9416
4329
2269
8547
13177
3749
12936
7849
7750
18023
9718
9619
19892
14904
4631
7104
12191
2017
4194
11822
223
10397
7294
4104
14377
19464
19184
8911
13578
3305
18566
8719
13806
10081
4994
7368
17641
5742
8099
5654
15927
4142
9229
12940
6348
1162
11435
11062
8150
16449
1188
359
10632
5545
5918
11005
8854
19127
3866
5659
5560
15833
18563
13443
17025
6752
1566
11839
4920
18511
8553
3367
13640
13843
11926
1653
6740
11081
1765
355
256
10529
5112
10199
25
7469
12655
2382
14540
14639
4366
15759
5486
2284
12557
12656
2383
7470
5922
11481
1208
16568
6295
4385
6742
15597
5324
138
10411
15498
12395
15728
5455
10641
368
14883
2753
687
10960
16047
5873
3922
17652
7379
2292
7189
51
5138
1815
6529
1343
11616
6430
16703
2374
12647
17833
7560
11624
1351
16711
6438
6339
16612
9940
9701
4515
14788
5738
16011
651
10924
11023
750
12748
6411
10126
403
9831
16101
5828
5729
16002
6775
1589
11862
6676
16949
11279
6192
2439
12613
1594
11867
1320
16581
7082
15157
4983
10070
2260
12434
4617
9358
9259
19532
1442
11715
6628
9617
14704
7824
7725
17998
15447
10360
18015
7742
15661
32
10305
6457
16730
5895
16069
336
10609
5522
435
658
10931
757
16242
5969
9501
11858
1684
5720
10906
633
12814
2640
4326
4227
14500
18781
8508
3421
13595
8055
2968
2869
13142
11257
984
6071
1705
7730
537
9965
12322
2148
16919
6646
11733
11305
1032
4052
9040
19313
2937
10008
4921
15057
4784
9871
12887
5989
5144
15417
156
7361
17634
10675
29
10302
10401
128
12495
7408
12369
2096
19141
8868
3781
5521
17658
12571
7484
2397
17006
4374
4275
14548
19734
9461
4978
10065
10583
310
11892
1718
3661
19470
9296
4110
14383
4118
6144
6142
3372
13645
13744
3471
3671
8758
6028
4864
6644
18083
7909
11552
6465
13835
3562
768
5855
5622
15511
1369
16630
524
10797
10368
95
17184
6911
17960
2699
10889
4159
9246
11230
4299
12215
1942
7029
12116
12203
2046
12319
9589
10620
347
5335
15608
10521
12351
17438
19723
9450
4165
17363
7090
2003
4466
14739
19826
18151
7878
7505
1047
11320
6606
1519
9863
6660
4383
14181
10152
5065
3081
5811
5287
573
5660
10747
8030
2943
4448
9535
13876
6982
4881
316
14903
4630
10090
12673
2400
14247
9061
19334
11604
1331
2492
17811
1054
7273
5285
18480
8306
1816
6804
17077
1717
11990
6903
7301
17574
7400
2105
7093
17366
14443
5493
4747
13186
2913
8000
9984
4897
2523
5281
10271
5184
3200
8188
18461
6010
11097
13771
3597
19452
9179
14365
4092
8725
2892
9765
11572
1299
6287
16560
10594
321
5408
5309
15582
16040
5866
12171
1898
9686
3417
13690
9055
13769
3595
8583
18856
8682
4979
10234
5147
6243
1057
11330
19811
9538
4451
11895
9273
13987
16090
829
5036
12107
14937
15443
8372
1447
11720
976
11249
6162
2611
2512
12785
7698
246
5333
15088
946
11120
6033
8924
2551
17812
1479
16839
6566
6193
11280
9448
4361
3889
14162
9075
8976
19249
8296
15639
17827
7554
7455
17728
9600
19873
330
10603
6336
11423
11413
1854
12028
6941
1009
11282
6999
1813
12086
5426
9029
3942
14597
4324
19684
9411
7726
17999
12912
2738
8571
14130
3857
12773
2135
2036
12309
5794
706
10979
5995
17394
5952
11039
3480
13654
2748
6846
17119
1858
11347
16533
6260
12192
1919
12093
6334
1716
10037
4851
15124
4314
17633
7360
21
10294
9890
8163
11557
1284
6839
5713
8254
12029
6942
8712
1259
10009
10250
1511
11784
2356
15800
18180
2820
13093
8006
6483
6856
1861
12134
1960
7047
18373
13385
3112
15223
9664
19937
5795
609
10882
1696
8577
8478
18751
14696
4423
8292
18565
9137
126
10300
12756
2483
17843
7570
370
18205
7932
3141
9343
6141
16414
6240
11426
1153
17616
7343
17517
4141
14414
19600
9327
8739
5282
12804
11095
11194
921
6008
1667
4024
10410
3128
18901
8727
10750
4847
2772
10688
415
8224
3137
1713
11986
2558
7645
3432
3225
11799
1526
8597
13783
3510
19535
2191
12464
7377
17081
953
5941
16214
854
11127
6188
10623
350
9354
12556
2283
2184
12457
16161
5888
801
14715
4442
6799
18760
8487
7600
9536
5825
11641
1368
622
17683
2422
8771
7926
18199
11128
5942
16215
12179
1906
6894
17167
15755
4028
19289
826
11099
6012
11198
925
6263
2732
7819
7446
2359
2128
2029
12302
7116
17389
5997
16270
16369
6096
6842
4690
14864
9753
595
10868
5781
694
7666
17939
12702
10345
171
7132
17405
17504
7231
12318
3811
8214
3127
7074
1023
6110
16284
19683
9410
4224
14497
14124
11767
6680
4554
14728
2197
9268
19442
7549
12636
12743
2470
13517
3244
10668
395
5109
10744
18660
8387
3300
11734
16920
6647
9377
9278
19551
17156
6883
8395
18668
3407
14799
4526
5605
7962
7863
18136
2875
3047
2948
13221
5203
116
5909
16655
6481
3652
13925
12610
12709
2436
13376
526
3956
19217
9043
3111
13384
8670
5343
18208
7935
12821
7433
17706
7532
3564
8651
14515
6599
16872
19090
5809
3452
1498
11771
12209
1936
7023
12696
2423
12597
17684
10339
66
5153
10240
9494
14680
4407
18567
8294
3207
9403
14490
9959
10804
531
432
10705
12015
6470
11339
11438
1165
16426
5639
2909
10770
1342
11516
820
11093
6006
5548
362
10635
9980
15067
9607
735
10909
5822
14327
4153
14473
4200
3355
13628
320
8111
3302
13575
8389
18662
1132
16244
6070
14633
9546
4252
19612
9339
15203
10116
11876
9867
18001
8531
8209
11411
1138
1039
11312
5106
10193
17110
1849
12023
4399
14573
2876
18236
7963
547
448
10721
11037
16223
5950
1609
11783
975
11149
6520
1792
12065
1680
11953
17139
6866
9596
4115
15191
13041
2768
2532
12805
17563
7290
7191
17464
15579
5306
13541
3268
7982
1328
6415
11598
6525
11612
1811
6898
12732
2459
12633
7546
1350
2514
17874
7601
7143
12230
16817
6544
7304
1745
12018
6832
17105
16746
6473
14236
7578
11972
1798
6841
1422
11596
9324
6795
13866
8779
14628
4355
9069
12688
2415
12589
7502
9347
4161
14434
4633
9720
1917
9609
9510
19783
6407
16680
2263
12437
10830
557
2914
16150
5976
11162
889
4497
14770
5589
15862
8916
19189
9015
8909
19182
9008
11738
11837
1564
14940
4667
9754
11789
16876
6702
18959
8686
5484
15757
10670
444
12742
2469
5550
5258
15531
15630
5357
18041
7768
11321
4250
4097
14370
1740
12013
599
10872
8515
3723
8810
16019
3861
3389
13662
8575
16172
5899
3667
8381
13949
7434
2248
12521
10164
16459
6186
16360
2859
7946
4352
3507
13780
1760
12033
9676
15235
4962
10049
93
10366
17437
11094
821
722
10995
10249
15808
5535
10622
14064
3791
13965
17341
7403
11022
749
1024
4893
15166
4992
11325
16511
6238
1151
9365
11583
3820
8907
13994
17675
19760
904
18403
8130
5773
18851
3590
7066
9566
4479
2495
3800
7127
11530
1257
11431
16617
6344
731
11004
11103
830
12222
1949
9020
11960
1687
14178
3905
7996
18269
13281
3008
3852
8939
19113
10230
19933
19138
3877
1794
12067
6980
3086
13260
9747
1105
11378
4585
7646
10003
5567
19258
8985
8886
19159
6435
11522
10040
9132
19405
4144
18060
7787
8569
6351
15161
4888
10447
174
5261
6868
11955
11254
981
11155
15968
5695
9989
7632
7103
12289
2016
7004
17277
12662
2389
17749
7476
3441
8528
5798
8833
19106
3845
1915
17101
1840
2115
5111
17329
7056
4220
14394
3174
13447
3273
8733
16605
14648
4375
17005
6732
11819
1645
3094
2249
12522
11434
1161
10033
5386
950
5193
2836
7550
12736
2463
2364
12637
8984
7169
17442
12728
2733
13006
11494
1221
17413
2898
4824
15097
4923
7241
11328
11427
1154
8971
3884
10925
652
5739
10080
9852
4666
14939
14705
19891
9618
14804
4531
19419
5002
9118
12445
9942
4855
9937
909
11182
6095
7563
17836
9389
13008
2735
7723
17996
2188
12461
6651
16924
1144
16545
6272
15700
5526
11847
1673
6760
3154
8901
19174
3913
7733
18006
3118
11122
849
12296
2023
16732
6459
1372
9731
9456
15015
4742
8069
4235
14508
3650
19885
9612
4525
16392
6218
7736
7637
17910
1972
12245
460
10634
8535
15592
5319
6557
10990
717
19573
4312
4213
14486
9042
19315
6446
16719
14359
4086
19347
9173
15404
10426
153
14295
1445
11718
653
10926
5466
9821
18973
13985
3712
11502
1229
5248
62
10335
161
16122
11408
6321
1202
12112
1938
7398
188
10362
9616
19790
15578
6150
10097
15283
5010
17168
10942
669
5756
5657
15930
18705
8432
2352
12625
17712
13454
3181
15811
5538
451
6874
17147
5572
15845
5586
14690
4417
9504
17130
14095
3822
2282
12555
14912
9726
19999
3288
13561
18753
13765
3492
7843
5014
15287
26
7793
18066
7892
1567
17232
4602
14875
9689
19962
9688
19961
4700
3120
3021
13294
7362
17635
6989
17262
12274
2001
16250
5977
11661
9304
12608
2335
7422
4692
9779
7019
1833
12106
10376
103
1615
11888
8158
10888
15975
5801
6174
5080
7837
18110
12758
7671
9238
11802
9239
16381
6207
8465
18738
3378
13651
13750
3477
11699
1426
13639
3366
8080
2993
7807
18080
11028
755
5083
10170
18127
7854
2721
12994
5923
19989
962
11235
1061
11930
6843
145
5133
15406
9382
14469
8273
1378
11651
4580
13538
1753
9224
19497
4236
7238
17511
3369
18630
8456
3270
13543
621
10894
5807
4678
14951
9078
16288
4503
19490
9217
4031
14304
4130
15956
10968
695
596
10869
13599
3425
15230
243
10516
9820
1471
11744
3828
14101
6573
4216
3759
19119
8846
6116
4729
9717
19990
15462
5189
10276
2926
13199
19853
9679
10606
19029
2722
8948
19221
10638
365
6591
16864
19930
9657
229
10403
15820
5646
19022
8749
15438
5165
7955
5598
4489
19750
4232
13660
8474
18747
8946
19120
638
539
10812
15998
5725
12423
13268
2995
8082
10205
5118
11050
777
678
10951
5765
16038
5212
15485
125
10398
9426
14612
4339
2778
13051
7964
18057
7784
13343
3070
12587
2314
9385
4298
1611
11884
6797
18075
7901
4558
4459
14732
6915
12411
2138
16060
13703
9475
14189
16603
6330
11132
958
11977
1704
14449
9362
14956
4683
9770
19944
13288
3015
4124
3096
5175
11873
15990
630
10903
5816
729
4205
19565
9292
1473
16833
6560
11647
14729
4555
5301
10487
214
7519
10286
5199
10564
7994
7716
6078
1866
4475
19835
9562
3227
15857
5584
8935
3848
11292
18860
8587
3500
3042
8972
4258
2635
14328
4055
7382
2196
12469
5949
5850
16123
404
1304
11577
6517
16790
9564
14278
11921
17008
7485
12671
2398
3245
13518
3344
4090
19701
9527
2357
12630
2456
7543
5559
7071
17344
11912
1639
8710
11067
5980
893
2341
12614
12713
2440
10257
10761
8635
3038
5395
18543
19070
1034
11307
16394
10490
217
5304
12370
2097
17457
7184
19441
9168
10463
190
7261
9425
8140
2954
13227
16961
6688
8042
13228
2955
1952
12225
14488
4215
9302
6471
8455
18629
16510
6237
11269
996
6083
7650
6541
586
10445
172
15532
5259
12802
2529
17889
7616
7517
17790
3403
13676
3502
2294
12567
7480
6643
1556
13158
5242
15515
254
11664
2236
18
2928
13201
9901
5187
12085
17172
6998
17644
7371
9728
14815
4641
12930
2657
3474
13747
18834
8660
13001
2728
12156
1466
6081
16354
11366
1093
6373
1187
11460
1286
19181
4645
9732
6268
13214
2941
3519
8233
18214
14542
9455
17744
7471
12657
2384
6640
1926
12100
8065
5708
14364
974
134
10407
15121
10034
7771
18044
15413
5140
5041
15314
15540
5267
19409
19508
9235
4148
1428
11701
11676
11775
1502
6490
16763
4605
4506
14779
7851
2764
5633
10805
905
11178
16265
17427
7154
6598
8473
18746
4604
14555
9468
17618
7345
9702
6685
3865
10333
159
12690
17876
7603
10912
639
8406
3319
6049
15213
4940
3255
7969
2783
13056
7870
18143
11794
4723
19984
12705
3277
3665
8752
1711
11984
17071
1810
18930
8657
10875
16035
5762
10948
675
7274
17547
17839
7566
2479
12858
2684
9755
2185
12359
12250
7163
7228
10430
157
5244
6703
9060
8961
19234
1989
6286
8643
8685
3382
8370
18643
12810
9707
11029
10134
3138
7852
11890
1617
11791
11740
16827
3824
14097
4669
11696
11795
1522
16410
6236
18795
16910
6637
19531
7746
2659
18702
8429
3243
13516
18802
8529
10835
562
15922
5649
10736
5555
19697
10338
7828
18101
9090
11447
2584
12857
10500
4004
8718
7873
18146
7972
11821
5516
15789
3888
8975
1531
1239
11512
1795
12068
1996
13607
8520
18663
8390
3303
7881
2336
8032
2846
13119
4245
9332
9234
9124
12723
2450
2351
12624
5290
10377
8671
2688
2589
12862
18644
3383
18743
8470
6859
18484
8211
3124
4969
15242
9011
19284
19161
12432
2159
11587
205
10478
15565
5391
6594
11308
16395
1128
10661
5574
6912
6813
17086
701
10974
16160
5887
4444
11515
1341
17284
7011
1924
12570
2297
11905
12278
14495
14594
4321
19582
9781
10266
5179
14980
9421
19694
19793
9520
15825
5552
366
10639
11503
6093
5994
16267
11180
3458
8172
3483
11399
1126
4703
19964
16488
1227
9730
14916
4643
297
15657
5384
2654
16796
13193
13292
3019
8479
13566
12223
17409
7136
15425
5152
8072
7973
18246
3358
12523
1569
6656
7795
18068
7951
7649
17922
12934
2661
2562
12835
3780
10973
700
10874
15195
15294
5021
3126
18387
19900
12727
2454
7541
4533
7986
11188
915
6002
5903
16176
2427
12700
17787
2526
183
3006
9232
19505
3050
13224
2066
12339
2165
17898
7625
2538
6780
17053
3511
12167
17726
7453
10655
382
2183
9254
4167
16211
5938
752
11025
11758
11857
1584
6671
8320
9012
8167
18440
3179
6655
13740
3467
11383
1110
8430
19520
4259
375
10648
15834
5561
5462
15735
5381
10940
667
1344
11617
9353
4266
1676
11949
6112
16385
462
10735
6021
11207
934
10179
10278
5
15266
751
5838
14893
9806
12396
2123
2024
12297
9194
3635
13908
3734
588
10861
3790
7117
8495
3309
13582
10076
7719
12905
2632
5735
12711
11844
1571
6658
9512
7419
17692
2332
12605
348
10621
18676
8403
6673
11760
11859
1586
1114
11387
189
10462
7260
17533
8661
18582
7551
12737
2464
6380
6281
16554
604
10877
1449
14079
3806
3707
13980
13243
2970
5327
4999
5185
13101
2828
1218
16479
405
15392
5119
16031
1113
1014
11287
16473
6200
8184
12719
2446
7160
1601
11874
14169
3896
16105
5832
745
646
10919
4987
15260
10173
4325
4226
14499
9412
4389
13817
5901
16174
9289
8444
18717
3456
4575
14749
7950
16766
1779
12052
10540
267
168
10441
15115
4842
1226
11499
117
10390
5303
6771
17044
7223
12409
2136
17397
8815
14001
3728
2860
15754
5580
3969
12024
1751
16018
5745
19450
14736
14835
4562
7665
13486
5543
15816
5642
8745
13931
3658
16471
6198
11384
1111
7660
10017
3232
2557
7644
10185
4626
14899
10484
211
6309
1222
5464
15737
10650
476
874
11147
5588
15861
12204
1931
17291
7018
19369
9096
4382
2025
7112
9579
4492
151
5139
15412
12697
2424
9495
10757
484
4353
14626
19812
9539
14725
4452
13114
2841
7928
4181
14454
17283
7010
1824
12097
17469
2208
4839
15112
15211
4938
9567
7597
2510
5249
10435
162
12256
1983
6971
17244
17343
7070
19228
3868
14141
2114
15714
5441
10916
643
18281
5920
12210
1937
1838
12111
15109
3324
4225
3965
8679
1608
41
470
15830
5557
1982
12255
7069
17342
8236
2677
12950
18370
8097
181
10454
9972
544
13852
13723
3450
3158
13431
8344
14146
8960
19233
2490
12763
17949
7676
9953
9905
7227
11663
2331
12604
9106
14775
14874
4601
6580
1493
12677
2503
7217
2031
12304
11052
9400
4313
6503
11590
4434
3347
8335
18608
5704
617
932
833
11106
2273
12546
12645
2372
17732
7459
10884
1456
11724
1451
5596
12667
380
11021
748
1857
6432
4075
10151
3080
10961
8604
1533
4261
7005
4635
7193
9550
8857
3576
13849
4421
10408
18463
8190
18364
10171
2076
12349
12448
2175
9992
15178
4905
4806
15079
19671
14683
4410
17314
12326
2053
16497
6224
16398
10110
682
3988
14261
14360
4087
2476
7190
15672
2395
12301
5091
4246
14519
13408
3135
9361
19634
15991
7015
5072
7429
7330
17603
14281
4008
14182
12345
2072
16647
6374
8851
19124
3863
14037
2625
7339
12426
19367
5459
10031
15118
4508
4409
14682
2229
1384
11657
6570
14477
4204
1847
1748
12021
14470
15315
5042
12638
2365
3513
3414
13687
17656
7383
8770
7811
18084
2823
9528
14997
2990
13263
11751
1478
5069
15342
81
5914
841
11114
6400
1313
11487
19183
8910
3823
11068
7642
4752
401
10674
18948
13960
3687
15774
5501
10687
414
7858
12945
5643
8864
5402
216
10489
11748
1475
6562
9933
5627
15801
2238
12511
10999
726
16266
5993
11080
11179
906
2791
13064
10707
12036
1763
6751
17024
918
11191
9952
14882
4609
11680
6494
16767
6966
15273
9714
19987
9286
6929
1743
12016
7331
7232
17505
1340
13970
3697
10768
2976
4488
14761
16914
6641
8998
19172
11364
1091
6178
6636
11723
15542
10554
281
10455
8626
11828
1555
8436
16723
6450
4093
18556
1647
11920
1746
4890
19032
3771
1499
6586
1400
11673
2594
12867
18521
17009
6736
11823
4379
9367
19640
1177
11450
1276
16636
6363
7478
12664
2391
6708
19338
9065
8966
19239
11944
1129
18473
8200
1583
3940
1935
12208
9851
7772
17946
12958
2685
5415
15589
16456
6183
11369
1096
11419
11518
1245
5959
3625
13898
14743
4470
8614
18887
7194
4835
9922
4419
2062
7149
1784
1685
11958
18283
6498
11585
3142
8229
5499
18905
8632
5848
3491
1769
12042
8308
16737
1476
4952
4909
4818
15091
11232
6046
16319
17273
7000
12186
1913
2812
7899
3116
13389
97
10370
16974
6701
10458
18491
3131
13404
3504
13777
3796
11394
1121
9751
10596
323
2680
7767
8906
19179
6289
16562
11574
1301
4398
17648
7375
5990
804
11077
4804
9891
19791
9518
1855
12128
1954
8410
18683
3798
1352
8423
1774
12047
4131
14404
10058
11351
1078
979
11252
8386
18560
6029
11215
942
12750
7663
11238
965
6052
3850
11031
17976
7703
6848
10313
40
15027
4754
9841
16539
6067
13983
3710
13884
15094
4821
11913
8808
3032
13305
6009
4718
6516
1330
11603
1429
6335
1149
11422
1248
10652
13932
3659
15783
5510
1727
6715
16988
17817
17916
7643
2457
12730
6836
12022
1749
13289
3016
737
5824
16309
949
11222
12747
2474
7129
2042
16911
15078
4805
4429
14251
9164
3640
13913
3739
2973
13246
3072
1067
11340
6253
966
5689
503
10776
6396
16669
1408
3765
2280
12454
7427
7758
18031
18130
7857
18815
8542
12266
7179
2094
3993
9250
14910
4637
4696
19957
13878
3605
14921
4648
9636
19909
593
10866
5779
692
2729
7717
17990
995
3542
16155
5882
5728
16001
740
6755
6823
9360
1348
11621
6058
11471
16657
6384
1297
6146
16419
538
439
10712
10796
523
5511
15784
424
10697
11660
1387
10386
5299
12381
2108
17468
7195
17723
7450
17624
12798
2525
14578
4404
6398
6299
16572
14448
4175
4076
14349
2543
12816
2642
2940
16159
898
9947
1084
11357
11456
1183
6270
5253
10340
6976
1790
12063
5906
2008
1289
4802
4832
11126
11225
952
3398
7338
11331
6244
7607
12694
2855
7105
17279
12291
2018
1124
11397
12492
12591
2318
4974
9558
9988
19125
561
10834
3989
3890
14163
19250
10938
5851
14867
4594
6345
11432
13220
2947
1773
12706
2433
2334
12607
7536
12980
7174
17952
9013
3827
14100
14889
4616
8590
12253
1980
7067
8766
19039
3778
7237
12324
7589
2502
12676
5339
15612
11358
1184
16544
6271
16445
17230
6957
15407
5134
15308
16151
5878
15155
9186
5492
15765
7896
8245
2399
14380
9293
11678
4033
14306
5599
15872
6386
16659
6485
8169
18343
11063
790
1307
11580
18439
13451
3178
18538
8265
7968
18241
13253
2980
733
11006
8189
8090
18363
2303
12576
4735
19996
11200
543
10816
10915
642
7243
2156
2057
12330
11684
15920
5647
2235
16856
6583
3975
14248
11319
1046
6034
16307
6133
7229
1642
11915
7350
17623
2271
12544
11578
1305
10605
5518
431
3516
13789
18164
7891
2804
11117
19738
9465
19639
11032
759
5846
10933
13322
4863
15037
6893
12079
1806
12078
1805
3535
8622
4260
14533
4482
14755
4581
14322
4049
14319
4046
15716
3092
16243
9835
4748
12282
2009
5178
11465
1192
16783
6510
8462
7783
18056
2795
10681
507
3292
8379
3145
10485
10584
311
10084
4997
16400
1040
11313
6282
11568
1295
8513
14524
4251
4152
14425
18319
8687
9329
4629
13708
3435
4099
14372
13317
2437
2338
12611
14158
268
10541
10640
367
5454
628
10802
1082
11721
7014
11336
15389
5116
1910
2933
7788
18061
18932
8659
4914
15187
10100
486
15846
5573
10660
7053
17326
7152
1966
12239
16895
14450
4177
4927
15200
5712
5613
15886
11059
12305
7119
17392
3554
15305
5032
18661
8388
12312
2039
12285
2012
3106
12921
2648
7709
10818
545
5632
4524
4829
9916
10016
16855
6582
11669
16731
6458
4137
4038
14311
7614
17887
7713
2626
18853
8580
18754
2026
8841
12070
1797
6884
5300
6161
8354
8255
18528
13540
3267
2706
6992
3844
14117
771
10945
14291
4018
18163
13076
7975
13161
2888
12406
7319
17493
18806
8533
9551
19824
4563
13164
2891
4128
9215
8155
3068
10293
8850
3740
931
11105
10552
279
9771
3264
4346
6239
2883
2784
13057
2312
12585
2010
12283
8272
18545
11492
1219
6343
11529
1256
19907
9634
4547
7747
17921
15903
5630
16586
6313
11400
2781
7781
17955
12354
10072
5205
19
10292
13554
8467
3380
12459
3779
14052
8965
8866
19139
17307
10363
90
15040
4767
9854
1104
7477
12559
689
16138
5865
679
10952
10329
9162
19435
4174
9261
11019
18301
6650
16923
12473
2200
7212
17485
1835
17195
6922
5308
1562
11835
11934
1661
8460
18733
7799
18072
14313
1733
12006
9316
19589
4229
14502
4083
1397
14825
4651
1107
11380
16467
5050
11790
1517
6604
11608
1335
9615
7186
12708
2435
17795
7522
5364
15637
376
10550
19641
1168
9878
2278
1060
11333
11276
15559
298
12265
1992
14642
3051
8039
18312
8138
9200
14287
11317
1044
2839
18940
8667
10440
167
5254
11813
1540
16900
6627
16099
5826
11565
9853
11000
16950
6677
14303
6661
6725
16998
1737
4447
4348
14621
9156
13275
7039
15459
5186
13781
6383
2111
12384
12259
1986
7073
12916
129
340
8988
8889
19162
16164
5891
4026
8494
18767
13779
3506
8593
11439
10218
8053
18326
11322
12548
2275
4541
9628
12336
2063
10224
50
4861
15134
10047
3636
13909
8723
18996
648
10921
17748
7475
2289
12562
6709
11796
18394
8121
9601
5181
9614
10958
5772
16045
7826
6571
16993
5264
15288
5114
14451
4178
530
5617
3360
7869
6444
7254
2167
19071
8798
3612
13885
18634
18830
856
3521
14009
3736
11291
1018
16378
6105
9175
19448
8404
13590
3317
18858
8585
7003
6904
17177
1916
3580
13853
11058
785
6746
1659
11963
1690
17050
6777
1069
10417
144
8859
19132
14045
3952
9053
3606
13879
8693
18966
4296
14569
19926
15279
5006
17037
6764
4127
15269
4996
18137
7864
15453
5180
13946
3673
12583
6477
19670
9397
6531
16804
11816
1543
522
19675
9402
6569
18050
7777
2917
6191
16464
13245
2972
6542
6443
16716
11629
5329
2942
17900
7627
2441
12714
9243
14429
4156
3396
282
10555
15366
15877
5604
6298
16571
6397
2224
12497
4078
9895
11061
788
3919
15063
4790
6472
17039
9054
19327
14888
9438
16921
19538
4277
9912
15098
4825
17951
7678
2861
13035
7948
18699
8426
17688
7415
1133
11406
11310
1037
14984
10845
1293
11566
6479
1392
14385
4112
11850
9064
2709
5194
8325
13511
3238
3809
14082
12573
2300
19615
19714
9441
7841
2655
12928
11506
1233
6072
10241
18339
8165
2406
3880
11540
1267
10773
6504
9333
13218
11271
7965
18238
1139
11412
5336
2858
13131
3199
1196
1097
11370
5325
568
18551
8278
3191
2701
10212
14008
12797
2524
13710
10437
6635
7328
2142
12415
8819
17323
7050
10856
583
2923
11983
7776
12962
2689
11534
16648
6375
6427
16700
6526
4493
6056
16329
2621
12894
3214
11012
838
6614
16887
18325
8052
127
10400
10242
11379
11478
1205
6166
7823
13009
2736
1679
1738
12011
6825
17098
9058
3872
14145
17124
2141
12414
13877
3604
1362
12358
2085
2929
13202
4876
10691
418
12959
2686
6048
12635
7449
17722
1818
4681
9768
13796
3523
5669
15843
6258
16531
5921
9129
5260
10347
210
8786
14691
19776
12738
2465
7552
18601
14135
8949
19222
5665
15938
9066
15204
4931
9404
19677
1722
11995
6454
11640
1367
148
10421
10520
247
2171
12444
2270
12547
2274
1417
11690
15158
864
11137
9271
4184
8927
3840
8828
19101
18366
7288
12375
14966
4693
9780
5940
10436
3556
13829
1491
13222
8135
13521
3248
19636
9363
8820
14333
4060
19321
3246
7721
17994
7503
7404
17677
8073
3151
18412
4013
11224
8078
8617
13696
3423
3514
4795
15068
18294
3033
3833
7592
2505
19078
13991
5183
17335
18012
9845
15488
10528
255
11879
1606
11170
897
19229
8956
2065
12338
7251
5998
16271
1624
11897
13791
12539
2266
3461
5792
606
10879
5693
15966
12489
15619
19079
8806
17537
2177
12450
2125
16834
6561
11747
1474
9063
8247
18520
13532
3259
5078
10783
2816
3370
18490
8373
18646
5452
15725
3260
13533
8446
13959
9663
19936
3849
14122
14221
3948
10651
1013
10481
6553
16826
2571
12844
123
5210
10297
6901
1715
11988
12087
1814
6080
993
2718
16200
5927
11750
6663
6722
13394
2946
9606
3792
4961
15234
10542
269
5356
19049
8776
551
10824
10923
650
5280
584
10857
15289
5016
8471
10024
10101
11161
12350
2077
18202
7929
13016
13675
2409
12682
17858
827
11100
3328
719
15346
5073
2606
17966
7693
3024
13297
11814
14574
4301
3794
14067
7628
10253
2752
13025
11592
1319
8706
2979
13153
13901
19011
8738
9498
16590
6317
5554
15827
9907
8744
18918
15444
5171
10258
3208
8295
3109
13382
8540
18813
3618
13891
12917
2590
9392
18153
7880
2694
12967
11903
1630
14712
4538
12918
10019
10966
693
12498
9979
4892
4793
15066
1734
12007
10395
122
5209
5641
7707
12893
2620
13058
2785
17796
19457
9184
6812
1725
9341
6917
12004
7708
2321
12594
9778
6875
1102
11375
10610
4739
3363
5988
5889
16162
3698
13971
9150
14237
15710
11388
1115
9632
15410
11452
1179
13426
3153
15695
5422
5005
2631
12904
7718
17991
635
10908
9651
18576
3315
7388
8037
6060
16333
10778
505
9692
19965
15214
5123
6273
16546
7324
1914
12187
724
10997
16183
5910
10133
6546
3832
14105
14506
4233
10885
612
3995
14268
1551
7634
17907
4661
14934
4760
5227
15500
10380
232
10505
9077
14263
3990
6475
1182
6170
16443
2155
12649
5385
15658
10050
13108
2835
11346
9930
5135
3140
5947
5312
2132
12405
4057
11261
988
814
14975
3393
2627
3747
426
10699
443
9729
2390
12663
19725
9452
14638
4365
1420
1321
11594
10618
345
9032
14987
9196
166
10439
11467
1194
1381
1282
11555
18641
8368
13611
11240
886
6728
11864
1591
9140
12784
2511
17182
6909
18392
8119
12586
16579
4820
15093
17391
7118
19613
9340
655
10928
17953
7680
11154
881
20000
9727
4640
926
11199
1025
7431
12518
12990
2717
12948
18035
3114
13387
13939
3666
19026
8753
5033
15306
7172
17445
7506
8871
5853
3594
18871
13233
1807
16338
6065
16239
8359
18789
8516
1101
11374
11473
1200
6877
12603
2330
19923
19004
8788
3602
13875
10607
334
10508
767
11677
1404
16764
6491
1001
11274
10316
43
5302
6973
17246
3076
13349
18535
8262
4819
15963
4166
15280
5007
10094
15181
10394
121
7440
12826
2652
11548
3914
9001
19816
9543
3424
5509
15782
18193
7920
13826
3553
18814
1432
1333
11606
1923
12196
3133
2600
12393
2120
10359
86
6581
8050
18323
10064
15151
11687
1414
9380
19653
11119
846
6385
1298
8720
12460
2187
11206
933
11107
10585
312
2956
13229
4422
775
676
10949
1945
6451
12365
10713
440
2813
5229
11753
5985
16258
13364
3091
16317
6044
1072
11345
2052
2416
12689
17875
7602
12788
2515
11848
10062
7752
12104
1831
15769
5496
18232
7959
7860
18133
109
15370
9586
19859
10280
7
4207
14480
4051
9039
19312
17225
6952
12138
1865
5871
16144
3271
8358
13445
3647
6128
11314
1041
10243
3364
13637
6318
16591
6417
13334
3061
8696
4135
3475
7943
15605
11704
1431
1975
2307
7209
17383
6773
17046
9068
5001
15274
10187
5100
9206
19196
14109
9757
3677
13950
7785
18058
12971
9547
4658
10984
293
4736
18195
13207
2934
9802
1544
11817
6730
59
10332
8400
18574
13689
3416
12436
2613
640
10647
15734
12201
15169
4896
17364
7091
1905
12178
6800
4638
4241
2535
12808
1897
17257
6984
4413
7334
17607
8425
7704
15207
4934
9088
10337
64
14442
7856
7757
18030
773
11497
6410
12040
1767
1668
11941
7421
4437
14753
11810
5840
1809
12082
8349
3816
10098
5011
357
12308
2959
4595
18002
4788
5590
142
10415
15987
5714
5881
6050
16323
15318
5045
4154
16207
5934
16584
6311
11868
1095
16691
7685
2598
5393
16615
7937
7838
18111
1557
11830
2867
13140
152
5043
11609
1660
11933
18623
17674
5028
4511
14884
4611
9698
9982
11924
6833
17106
8519
18792
7203
7983
11982
12081
1808
9885
1978
7065
13501
18687
8414
15643
5370
283
1117
11390
3670
13943
8856
19030
1103
13679
10128
19382
9109
8491
19669
9396
5430
16997
6724
15507
5234
8918
19191
9161
19434
9260
4306
14579
8876
15276
7173
11436
1311
11584
8917
12001
1728
9838
12880
2607
11886
1613
1514
11787
6567
12760
5379
11517
16604
9126
6686
1664
2964
7135
17408
2048
12321
7234
12477
2204
15551
5278
17752
7479
2824
18184
7911
7176
17664
6540
14345
4072
2730
13003
2829
5103
490
10763
4797
15530
5257
9444
10296
23
8124
11354
1081
916
7171
5077
15350
18554
8281
7216
17489
18327
8054
2868
13141
6090
9379
7534
17807
9429
446
17203
6930
3139
14670
18299
8026
3532
303
5340
15613
38
10311
6891
9574
11304
1031
13604
818
14256
4125
5250
15281
5008
17731
7458
5440
15713
4218
1969
12242
6860
17133
7845
18118
4622
9709
2030
12303
16091
5818
5719
15992
14243
3970
3835
14108
9021
8922
19195
18212
3527
6521
9375
2267
17627
7354
11049
776
7749
3479
13752
12472
2199
13993
3720
5237
6611
6988
3434
18794
8521
8369
18642
618
4942
10863
590
197
10470
231
10274
1
17621
7348
14711
4438
9868
9045
17963
7690
3283
8105
18836
18935
8662
3176
1672
13977
3704
13915
13882
9909
14
5101
4840
7158
17431
5858
16131
870
1934
13152
2879
16437
6164
11251
16157
5884
797
10000
15186
4913
12617
4498
14317
5800
9127
19843
9570
14756
4483
2020
12293
10150
5063
8056
15682
7495
13941
3668
5507
9427
10254
5167
5068
15341
3929
5374
19058
8785
16983
7740
9986
3073
13346
351
10624
4873
15146
9964
4478
14751
12133
1860
18047
7774
132
12172
1899
2658
5435
8545
18818
6197
16470
5771
18444
8171
17729
7456
13937
3664
12234
6864
1678
11951
15979
16078
5805
16431
7340
2704
12977
10729
456
999
11272
6242
12213
1940
5414
3123
13396
5289
15562
10574
301
202
10475
1887
18076
13090
16992
6719
9376
12755
2482
17842
7569
15624
363
4698
4980
9899
4903
8439
10381
108
7591
971
11244
13823
3550
12404
2434
659
10645
520
5761
6568
492
10765
591
9355
19628
7754
19881
9608
5405
219
10492
7696
12882
2609
4755
14961
2227
13455
3182
3808
3104
4041
15751
5478
8493
1365
19679
6327
16600
19262
8989
16153
2522
9565
13910
3637
8813
10826
553
17263
6990
6664
11525
1252
10666
10573
300
3854
3672
1492
17855
13799
3526
6228
16501
19693
9420
5645
2651
12924
3558
13732
17478
7205
1623
9178
19929
9656
7900
18173
5661
15934
6115
16388
105
10378
5192
15465
11242
969
3023
5723
7871
2676
7763
10077
4384
19188
8915
14898
4625
5930
1895
12168
7081
2486
2565
12123
1850
6869
18437
8164
1962
4473
16424
6151
7866
1513
4467
1509
9279
19552
11599
1326
8934
3935
14208
7542
2355
10598
325
289
10562
15620
5347
19444
9171
13785
3512
4771
15044
12541
2268
7444
2258
12531
4392
14665
8212
6767
8620
8990
16960
6687
7930
2744
13017
13116
2843
8363
7518
17791
16762
1402
11675
16208
5935
772
19068
14080
3807
7594
14289
4016
2311
12584
3067
13340
13890
3716
9272
3291
535
10808
16173
6672
12125
16184
5911
12806
2533
8249
16163
5890
16682
17238
6001
6779
14915
8496
18769
15107
4834
10710
437
459
7751
10375
1053
1525
5679
11860
1587
4461
14734
7281
17554
18726
2309
16564
19443
15892
5619
15160
4887
3887
2755
4017
1237
9792
5593
15866
10779
17685
7412
8837
10383
1724
11997
13678
3405
15185
4912
15347
5074
15248
10161
18571
18418
481
4412
4445
15042
4769
14219
3946
3874
6428
16701
10044
2218
12491
14869
18847
8574
4730
9050
3895
9256
2902
13175
10656
1539
11812
16233
5960
2746
12433
2160
6202
16475
7629
5284
9457
2215
6073
4982
12538
2265
8860
19133
1112
19855
9582
14768
4495
2501
8117
3616
6254
16527
6615
17964
7691
2671
9489
19762
16918
6645
7437
6223
14393
11210
6931
17204
18833
8560
18187
2560
18937
8664
9542
6935
11172
13082
1652
8393
4685
10642
369
4619
9559
19832
6632
3045
8707
9210
1789
12062
13683
3410
5904
12212
10216
1752
12025
2517
8947
806
6830
1280
11553
13562
6055
14456
10787
514
16072
5799
302
5266
15539
7705
11316
12634
15058
4785
19938
9665
16922
6649
19356
9083
10166
13312
3039
2279
12552
7834
11939
1666
5757
16030
3565
