1
5
7
8
14
15
17
18
19
21
22
23
25
26
29
30
31
32
33
34
35
38
39
40
41
43
45
46
47
50
51
54
59
61
62
64
66
70
73
76
77
78
79
81
83
84
86
88
90
91
92
93
95
97
98
101
103
105
106
108
109
111
112
114
116
117
118
121
122
123
125
126
127
128
129
132
134
138
139
141
142
143
144
145
146
147
148
151
152
153
156
157
159
160
161
162
165
166
167
168
170
171
172
173
174
175
177
178
179
181
183
184
186
187
188
189
190
191
192
193
197
198
201
202
203
205
207
209
210
211
214
216
217
219
221
223
224
229
230
231
232
233
236
237
238
239
243
244
245
246
247
249
252
254
255
256
259
262
265
266
267
268
269
274
279
281
282
283
284
285
286
289
290
292
293
296
297
298
299
300
301
302
303
304
307
308
309
310
311
312
313
315
316
317
320
321
323
325
327
328
329
330
331
334
336
338
339
340
341
342
343
345
346
347
348
350
351
352
353
355
357
359
362
363
364
365
366
367
368
369
370
371
375
376
380
382
384
385
392
394
395
396
400
401
403
404
405
410
414
415
416
417
418
423
424
426
428
429
431
432
433
435
436
437
439
440
441
443
444
446
448
450
451
453
454
455
456
457
458
459
460
462
464
465
466
468
470
472
476
478
481
484
485
486
489
490
492
496
498
499
503
505
507
508
509
511
513
514
519
520
521
522
523
524
525
526
530
531
533
535
537
538
539
541
542
543
544
545
546
547
551
552
553
555
557
561
562
564
565
566
567
568
569
570
573
575
579
581
582
583
584
586
588
590
591
593
595
596
598
599
600
604
606
608
609
610
612
613
614
617
618
619
621
622
626
628
629
630
632
633
634
635
638
639
640
641
642
643
646
648
649
650
651
652
653
654
655
656
657
658
659
664
667
668
669
670
674
675
676
678
679
680
682
683
687
689
690
692
693
694
695
699
700
701
704
706
708
709
710
714
716
717
718
719
720
721
722
724
725
726
729
730
731
733
735
737
740
743
744
745
747
748
749
750
751
752
753
755
757
759
763
767
768
771
772
773
774
775
776
777
778
780
781
782
783
785
787
788
790
791
792
796
797
800
801
802
804
805
806
813
814
815
817
818
820
821
825
826
827
828
829
830
833
836
837
838
840
841
845
846
849
854
856
860
862
864
866
869
870
871
872
874
878
879
880
881
885
886
889
890
893
896
897
898
904
905
906
908
909
910
914
915
916
918
919
921
922
923
925
926
928
929
930
931
932
933
934
939
942
946
947
949
950
952
953
958
962
963
964
965
966
969
971
972
973
974
975
976
979
980
981
983
984
988
991
993
994
995
996
999
1000
1001
1002
1005
1008
1009
1010
1011
1013
1014
1016
1018
1020
1021
1022
1023
1024
1025
1026
1027
1029
1030
1031
1032
1034
1036
1037
1039
1040
1041
1042
1044
1046
1047
1053
1054
1057
1060
1061
1062
1064
1065
1067
1068
1069
1072
1076
1078
1081
1082
1083
1084
1087
1089
1090
1091
1092
1093
1095
1096
1097
1099
1100
1101
1102
1103
1104
1105
1107
1108
1109
1110
1111
1112
1113
1114
1115
1117
1121
1124
1126
1128
1129
1130
1132
1133
1137
1138
1139
1142
1144
1145
1149
1151
1152
1153
1154
1155
1157
1161
1162
1165
1167
1168
1170
1172
1175
1176
1177
1179
1182
1183
1184
1186
1187
1188
1191
1192
1193
1194
1196
1199
1200
1202
1203
1205
1208
1209
1216
1218
1219
1220
1221
1222
1226
1227
1229
1231
1233
1234
1235
1236
1237
1238
1239
1245
1247
1248
1251
1252
1254
1256
1257
1258
1259
1260
1263
1264
1267
1268
1269
1270
1271
1273
1274
1276
1277
1278
1280
1282
1284
1286
1289
1293
1295
1297
1298
1299
1300
1301
1303
1304
1305
1307
1308
1309
1311
1313
1315
1318
1319
1320
1321
1322
1326
1327
1328
1329
1330
1331
1333
1335
1340
1341
1342
1343
1344
1348
1350
1351
1352
1354
1355
1358
1359
1362
1365
1366
1367
1368
1369
1372
1378
1379
1380
1381
1382
1384
1387
1392
1393
1395
1397
1400
1401
1402
1404
1408
1413
1414
1417
1420
1422
1424
1425
1426
1428
1429
1430
1431
1432
1437
1439
1440
1441
1442
1444
1445
1446
1447
1449
1451
1453
1454
1455
1456
1457
1458
1459
1463
1466
1471
1473
1474
1475
1476
1478
1479
1481
1483
1484
1486
1488
1490
1491
1492
1493
1495
1497
1498
1499
1500
1502
1503
1506
1507
1509
1511
1513
1514
1515
1517
1519
1522
1525
1526
1527
1528
1530
1531
1533
1534
1539
1540
1542
1543
1544
1545
1551
1552
1554
1555
1556
1557
1558
1561
1562
1563
1564
1565
1566
1567
1568
1569
1571
1572
1576
1579
1581
1582
1583
1584
1586
1587
1588
1589
1591
1592
1593
1594
1596
1601
1604
1606
1608
1609
1610
1611
1613
1614
1615
1617
1618
1621
1623
1624
1625
1627
1630
1631
1634
1637
1639
1642
1644
1645
1646
1647
1650
1652
1653
1656
1658
1659
1660
1661
1664
1666
1667
1668
1670
1672
1673
1674
1675
1676
1677
1678
1679
1680
1684
1685
1686
1687
1689
1690
1691
1696
1702
1704
1705
1706
1708
1711
1713
1715
1716
1717
1718
1722
1724
1725
1726
1727
1728
1733
1734
1737
1738
1739
1740
1741
1743
1745
1746
1748
1749
1751
1752
1753
1758
1760
1762
1763
1765
1767
1768
1769
1773
1774
1775
1776
1778
1779
1784
1787
1788
1789
1790
1791
1792
1794
1795
1796
1797
1798
1801
1803
1804
1805
1806
1807
1808
1809
1810
1811
1813
1814
1815
1816
1818
1824
1826
1829
1831
1833
1835
1837
1838
1840
1846
1847
1848
1849
1850
1854
1855
1856
1857
1858
1860
1861
1865
1866
1869
1870
1872
1877
1878
1879
1880
1884
1886
1887
1888
1890
1893
1895
1897
1898
1899
1900
1901
1903
1904
1905
1906
1908
1909
1910
1911
1913
1914
1915
1916
1917
1919
1920
1923
1924
1926
1931
1934
1935
1936
1937
1938
1940
1942
1944
1945
1946
1947
1948
1949
1952
1953
1954
1956
1958
1959
1960
1962
1964
1966
1969
1972
1975
1978
1980
1981
1982
1983
1984
1986
1989
1992
1996
1998
2001
2002
2003
2006
2008
2009
2010
2012
2014
2015
2016
2017
2018
2020
2022
2023
2024
2025
2026
2029
2030
2031
2036
2039
2042
2043
2044
2046
2048
2052
2053
2054
2057
2058
2060
2062
2063
2065
2066
2067
2068
2072
2073
2075
2076
2077
2079
2084
2085
2087
2089
2090
2094
2096
2097
2098
2100
2101
2105
2108
2110
2111
2113
2114
2115
2117
2119
2120
2121
2123
2124
2125
2128
2129
2130
2132
2135
2136
2138
2141
2142
2145
2146
2148
2155
2156
2159
2160
2162
2165
2167
2168
2170
2171
2175
2177
2178
2179
2182
2183
2184
2185
2187
2188
2189
2191
2195
2196
2197
2199
2200
2202
2203
2204
2205
2207
2208
2211
2212
2213
2215
2218
2220
2221
2223
2224
2226
2227
2228
2229
2230
2233
2235
2236
2238
2241
2243
2248
2249
2252
2255
2256
2257
2258
2260
2262
2263
2265
2266
2267
2268
2269
2270
2271
2273
2274
2275
2276
2278
2279
2280
2281
2282
2283
2284
2287
2288
2289
2291
2292
2294
2295
2297
2300
2301
2302
2303
2307
2309
2311
2312
2314
2318
2320
2321
2322
2323
2329
2330
2331
2332
2334
2335
2336
2338
2341
2342
2343
2347
2351
2352
2355
2356
2357
2359
2364
2365
2366
2370
2371
2372
2374
2377
2380
2381
2382
2383
2384
2385
2386
2387
2389
2390
2391
2392
2395
2396
2397
2398
2399
2400
2401
2406
2408
2409
2413
2415
2416
2419
2422
2423
2424
2427
2428
2430
2433
2434
2435
2436
2437
2439
2440
2441
2443
2446
2447
2450
2451
2452
2454
2456
2457
2459
2463
2464
2465
2466
2467
2468
2469
2470
2471
2474
2476
2478
2479
2480
2481
2482
2483
2484
2486
2490
2491
2492
2494
2495
2499
2501
2502
2503
2504
2505
2506
2507
2508
2509
2510
2511
2512
2514
2515
2516
2517
2519
2521
2522
2523
2524
2525
2526
2529
2532
2533
2534
2535
2538
2539
2542
2543
2544
2546
2547
2550
2551
2552
2554
2557
2558
2559
2560
2562
2565
2567
2569
2570
2571
2579
2581
2583
2584
2586
2587
2589
2590
2592
2593
2594
2596
2597
2598
2600
2601
2602
2604
2606
2607
2608
2609
2611
2613
2617
2620
2621
2624
2625
2626
2627
2628
2629
2630
2631
2632
2633
2635
2636
2637
2640
2641
2642
2648
2650
2651
2652
2654
2655
2657
2658
2659
2661
2666
2670
2671
2674
2676
2677
2680
2683
2684
2685
2686
2687
2688
2689
2694
2696
2699
2701
2702
2704
2705
2706
2709
2710
2711
2712
2713
2714
2717
2718
2719
2720
2721
2722
2723
2727
2728
2729
2730
2731
2732
2733
2734
2735
2736
2737
2738
2740
2744
2745
2746
2748
2750
2752
2753
2754
2755
2756
2757
2758
2759
2763
2764
2765
2766
2768
2769
2770
2771
2772
2776
2778
2779
2781
2783
2784
2785
2786
2790
2791
2793
2794
2795
2797
2798
2802
2804
2805
2806
2812
2813
2816
2820
2823
2824
2827
2828
2829
2835
2836
2838
2839
2841
2843
2844
2846
2852
2853
2855
2857
2858
2859
2860
2861
2863
2864
2865
2866
2867
2868
2869
2874
2875
2876
2877
2879
2881
2883
2884
2886
2888
2889
2891
2892
2893
2895
2898
2899
2901
2902
2903
2905
2909
2913
2914
2917
2922
2923
2925
2926
2927
2928
2929
2932
2933
2934
2935
2937
2940
2941
2942
2943
2946
2947
2948
2950
2954
2955
2956
2957
2959
2961
2964
2966
2968
2970
2971
2972
2973
2974
2976
2977
2979
2980
2983
2984
2986
2989
2990
2992
2993
2994
2995
2999
3004
3006
3008
3010
3011
3013
3015
3016
3017
3019
3021
3022
3023
3024
3025
3029
3032
3033
3034
3036
3038
3039
3042
3045
3046
3047
3048
3050
3051
3056
3057
3058
3060
3061
3064
3066
3067
3068
3069
3070
3072
3073
3076
3077
3079
3080
3081
3083
3084
3086
3090
3091
3092
3093
3094
3096
3097
3098
3104
3105
3106
3107
3108
3109
3111
3112
3114
3115
3116
3118
3119
3120
3122
3123
3124
3126
3127
3128
3130
3131
3132
3133
3135
3137
3138
3139
3140
3141
3142
3144
3145
3146
3151
3153
3154
3155
3158
3162
3164
3165
3168
3169
3171
3173
3174
3176
3177
3178
3179
3181
3182
3183
3187
3188
3189
3190
3191
3196
3199
3200
3202
3203
3206
3207
3208
3210
3212
3214
3217
3220
3221
3223
3225
3226
3227
3231
3232
3234
3236
3238
3241
3243
3244
3245
3246
3248
3249
3251
3252
3255
3258
3259
3260
3261
3264
3267
3268
3270
3271
3273
3277
3280
3283
3285
3287
3288
3291
3292
3295
3298
3300
3301
3302
3303
3304
3305
3306
3307
3308
3309
3311
3312
3314
3315
3317
3319
3320
3324
3328
3330
3337
3339
3341
3342
3343
3344
3345
3347
3350
3352
3353
3355
3358
3360
3361
3362
3363
3364
3366
3367
3368
3369
3370
3371
3372
3377
3378
3379
3380
3382
3383
3385
3386
3388
3389
3390
3391
3392
3393
3396
3397
3398
3400
3403
3405
3407
3410
3411
3412
3413
3414
3416
3417
3419
3421
3423
3424
3425
3426
3427
3429
3432
3434
3435
3436
3441
3443
3445
3446
3447
3448
3450
3451
3452
3454
3456
3458
3460
3461
3465
3467
3470
3471
3474
3475
3477
3478
3479
3480
3481
3483
3490
3491
3492
3493
3494
3500
3502
3504
3506
3507
3510
3511
3512
3513
3514
3515
3516
3517
3519
3521
3522
3523
3524
3525
3526
3527
3532
3535
3537
3538
3541
3542
3543
3549
3550
3553
3554
3555
3556
3558
3559
3561
3562
3564
3565
3566
3569
3574
3575
3576
3580
3582
3584
3585
3586
3590
3591
3594
3595
3596
3597
3598
3600
3601
3602
3604
3605
3606
3607
3610
3612
3615
3616
3618
3620
3625
3627
3630
3631
3633
3635
3636
3637
3638
3639
3640
3643
3647
3648
3649
3650
3652
3655
3656
3657
3658
3659
3661
3662
3664
3665
3666
3667
3668
3670
3671
3672
3673
3674
3677
3678
3681
3682
3687
3688
3694
3695
3696
3697
3698
3703
3704
3706
3707
3710
3711
3712
3713
3715
3716
3717
3720
3723
3726
3727
3728
3729
3730
3732
3733
3734
3736
3738
3739
3740
3741
3742
3744
3746
3747
3748
3749
3751
3752
3755
3759
3762
3765
3766
3768
3771
3773
3776
3778
3779
3780
3781
3784
3785
3786
3787
3789
3790
3791
3792
3793
3794
3795
3796
3798
3799
3800
3803
3805
3806
3807
3808
3809
3811
3812
3816
3817
3819
3820
3822
3823
3824
3826
3827
3828
3832
3833
3834
3835
3837
3838
3840
3842
3844
3845
3846
3848
3849
3850
3852
3854
3857
3861
3863
3865
3866
3868
3872
3874
3877
3878
3880
3882
3883
3884
3887
3888
3889
3890
3891
3893
3894
3895
3896
3899
3900
3901
3904
3905
3907
3911
3913
3914
3917
3918
3919
3922
3926
3927
3928
3929
3935
3938
3940
3942
3944
3945
3946
3948
3949
3952
3955
3956
3957
3958
3959
3962
3965
3968
3969
3970
3971
3973
3975
3980
3984
3985
3986
3988
3989
3990
3992
3993
3994
3995
3996
3997
3998
3999
4002
4004
4008
4009
4011
4012
4013
4015
4016
4017
4018
4020
4021
4023
4024
4026
4027
4028
4031
4033
4034
4036
4038
4039
4041
4042
4043
4046
4048
4049
4051
4052
4055
4057
4058
4060
4064
4065
4066
4067
4071
4072
4075
4076
4078
4082
4083
4085
4086
4087
4090
4092
4093
4097
4099
4103
4104
4105
4106
4108
4110
4112
4114
4115
4117
4118
4124
4125
4126
4127
4128
4129
4130
4131
4135
4137
4138
4140
4141
4142
4143
4144
4146
4147
4148
4152
4153
4154
4155
4156
4158
4159
4161
4162
4163
4165
4166
4167
4173
4174
4175
4177
4178
4181
4184
4186
4192
4194
4200
4204
4205
4207
4208
4213
4214
4215
4216
4218
4220
4224
4225
4226
4227
4228
4229
4231
4232
4233
4235
4236
4238
4239
4241
4245
4246
4247
4248
4250
4251
4252
4258
4259
4260
4261
4262
4265
4266
4268
4271
4275
4276
4277
4278
4281
4284
4285
4287
4288
4292
4296
4297
4298
4299
4301
4302
4303
4304
4306
4307
4308
4309
4312
4313
4314
4315
4318
4321
4322
4323
4324
4325
4326
4327
4328
4329
4330
4333
4334
4337
4338
4339
4340
4343
4344
4345
4346
4348
4350
4351
4352
4353
4355
4357
4359
4361
4362
4363
4365
4366
4368
4370
4371
4374
4375
4377
4379
4382
4383
4384
4385
4386
4388
4389
4390
4391
4392
4395
4396
4398
4399
4400
4404
4405
4406
4407
4408
4409
4410
4411
4412
4413
4417
4419
4421
4422
4423
4425
4427
4429
4434
4435
4436
4437
4438
4440
4442
4443
4444
4445
4447
4448
4450
4451
4452
4457
4459
4460
4461
4465
4466
4467
4469
4470
4471
4473
4475
4477
4478
4479
4481
4482
4483
4484
4485
4487
4488
4489
4490
4491
4492
4493
4494
4495
4497
4498
4499
4503
4505
4506
4507
4508
4509
4510
4511
4514
4515
4516
4521
4522
4524
4525
4526
4527
4530
4531
4532
4533
4537
4538
4539
4541
4543
4545
4547
4549
4550
4553
4554
4555
4556
4557
4558
4560
4562
4563
4564
4568
4571
4574
4575
4576
4577
4580
4581
4582
4583
4585
4589
4590
4594
4595
4601
4602
4604
4605
4607
4609
4611
4616
4617
4618
4619
4622
4623
4624
4625
4626
4629
4630
4631
4633
4634
4635
4637
4638
4640
4641
4643
4645
4648
4651
4654
4658
4659
4661
4662
4663
4665
4666
4667
4668
4669
4672
4674
4676
4677
4678
4680
4681
4683
4685
4686
4687
4690
4691
4692
4693
4696
4698
4700
4701
4703
4705
4706
4709
4710
4717
4718
4720
4721
4723
4727
4728
4729
4730
4732
4733
4735
4736
4739
4740
4742
4747
4748
4752
4753
4754
4755
4756
4758
4760
4762
4767
4769
4771
4772
4773
4779
4781
4782
4783
4784
4785
4786
4787
4788
4790
4791
4793
4795
4797
4798
4800
4802
4804
4805
4806
4807
4812
4813
4817
4818
4819
4820
4821
4823
4824
4825
4826
4828
4829
4831
4832
4834
4835
4838
4839
4840
4842
4847
4851
4853
4855
4857
4861
4863
4864
4865
4866
4868
4869
4870
4871
4873
4876
4877
4880
4881
4887
4888
4890
4891
4892
4893
4896
4897
4898
4903
4905
4906
4909
4910
4912
4913
4914
4917
4920
4921
4923
4924
4925
4927
4929
4931
4932
4934
4935
4938
4939
4940
4942
4943
4945
4946
4949
4951
4952
4954
4955
4959
4961
4962
4964
4966
4969
4974
4976
4978
4979
4980
4982
4983
4984
4986
4987
4988
4990
4992
4994
4996
4997
4998
4999
5001
5002
5005
5006
5007
5008
5010
5011
5013
5014
5016
5017
5018
5019
5020
5021
5023
5025
5026
5028
5031
5032
5033
5036
5041
5042
5043
5044
5045
5046
5047
5050
5051
5052
5053
5054
5055
5056
5058
5063
5064
5065
5066
5067
5068
5069
5071
5072
5073
5074
5076
5077
5078
5080
5081
5082
5083
5085
5088
5091
5100
5101
5102
5103
5105
5106
5108
5109
5110
5111
5112
5114
5116
5117
5118
5119
5122
5123
5130
5132
5133
5134
5135
5138
5139
5140
5141
5143
5144
5145
5147
5152
5153
5155
5156
5157
5158
5161
5164
5165
5166
5167
5171
5175
5176
5178
5179
5180
5181
5183
5184
5185
5186
5187
5188
5189
5192
5193
5194
5198
5199
5201
5203
5204
5205
5208
5209
5210
5212
5216
5218
5220
5222
5223
5226
5227
5229
5231
5232
5234
5235
5237
5240
5242
5244
5247
5248
5249
5250
5252
5253
5254
5255
5257
5258
5259
5260
5261
5264
5265
5266
5267
5270
5273
5275
5276
5278
5279
5280
5281
5282
5284
5285
5287
5289
5290
5291
5293
5297
5299
5300
5301
5302
5303
5304
5306
5308
5309
5312
5314
5317
5319
5320
5322
5323
5324
5325
5326
5327
5329
5331
5333
5334
5335
5336
5337
5338
5339
5340
5343
5345
5347
5356
5357
5360
5362
5363
5364
5369
5370
5371
5373
5374
5376
5379
5381
5383
5384
5385
5386
5391
5393
5395
5396
5397
5398
5401
5402
5405
5407
5408
5410
5414
5415
5416
5417
5418
5419
5421
5422
5424
5425
5426
5428
5429
5430
5432
5433
5435
5440
5441
5445
5446
5448
5449
5452
5454
5455
5456
5459
5460
5462
5464
5465
5466
5473
5474
5475
5478
5479
5483
5484
5486
5489
5490
5492
5493
5495
5496
5499
5500
5501
5502
5503
5506
5507
5508
5509
5510
5511
5512
5513
5514
5515
5516
5518
5520
5521
5522
5524
5526
5530
5533
5535
5536
5537
5538
5539
5540
5541
5543
5545
5548
5549
5550
5552
5553
5554
5555
5556
5557
5558
5559
5560
5561
5562
5564
5567
5568
5572
5573
5574
5576
5577
5578
5579
5580
5582
5583
5584
5585
5586
5588
5589
5590
5592
5593
5595
5596
5597
5598
5599
5604
5605
5606
5608
5609
5612
5613
5615
5617
5619
5621
5622
5625
5627
5628
5630
5631
5632
5633
5634
5639
5640
5641
5642
5643
5645
5646
5647
5649
5651
5654
5655
5656
5657
5659
5660
5661
5665
5666
5668
5669
5670
5671
5678
5679
5680
5681
5685
5687
5689
5692
5693
5695
5696
5697
5700
5703
5704
5707
5708
5712
5713
5714
5716
5719
5720
5722
5723
5725
5728
5729
5730
5731
5734
5735
5736
5738
5739
5742
5743
5744
5745
5748
5749
5750
5751
5754
5756
5757
5759
5761
5762
5763
5764
5765
5771
5772
5773
5777
5778
5779
5781
5783
5786
5788
5790
5792
5793
5794
5795
5798
5799
5800
5801
5802
5804
5805
5807
5808
5809
5811
5813
5816
5818
5820
5822
5823
5824
5825
5826
5828
5829
5830
5831
5832
5834
5838
5840
5846
5848
5850
5851
5852
5853
5855
5858
5859
5862
5865
5866
5869
5870
5871
5873
5878
5881
5882
5883
5884
5887
5888
5889
5890
5891
5893
5894
5895
5898
5899
5901
5902
5903
5904
5905
5906
5909
5910
5911
5914
5915
5916
5918
5920
5921
5922
5923
5925
5926
5927
5928
5929
5930
5931
5934
5935
5938
5940
5941
5942
5943
5946
5947
5949
5950
5951
5952
5953
5955
5958
5959
5960
5961
5962
5963
5967
5968
5969
5973
5975
5976
5977
5978
5980
5981
5984
5985
5986
5987
5988
5989
5990
5993
5994
5995
5997
5998
5999
6001
6002
6006
6008
6009
6010
6012
6018
6020
6021
6024
6026
6028
6029
6031
6032
6033
6034
6035
6038
6039
6042
6043
6044
6046
6048
6049
6050
6051
6052
6054
6055
6056
6058
6059
6060
6061
6063
6065
6067
6068
6070
6071
6072
6073
6078
6079
6080
6081
6083
6084
6085
6086
6089
6090
6091
6093
6094
6095
6096
6097
6102
6103
6105
6106
6107
6110
6112
6113
6115
6116
6120
6128
6129
6133
6139
6141
6142
6144
6145
6146
6148
6150
6151
6156
6161
6162
6163
6164
6166
6170
6171
6173
6174
6175
6177
6178
6183
6184
6186
6188
6191
6192
6193
6195
6197
6198
6200
6202
6203
6204
6205
6207
6218
6219
6221
6222
6223
6224
6225
6226
6227
6228
6230
6232
6233
6234
6236
6237
6238
6239
6240
6242
6243
6244
6245
6246
6248
6250
6251
6253
6254
6256
6258
6259
6260
6262
6263
6267
6268
6269
6270
6271
6272
6273
6276
6278
6279
6281
6282
6285
6286
6287
6289
6292
6295
6296
6298
6299
6309
6310
6311
6313
6314
6316
6317
6318
6319
6321
6322
6323
6325
6326
6327
6328
6329
6330
6333
6334
6335
6336
6338
6339
6340
6343
6344
6345
6347
6348
6351
6354
6355
6356
6358
6359
6363
6368
6369
6371
6372
6373
6374
6375
6378
6380
6381
6383
6384
6385
6386
6389
6390
6391
6394
6396
6397
6398
6400
6402
6403
6406
6407
6410
6411
6412
6414
6415
6416
6417
6419
6420
6424
6427
6428
6430
6432
6433
6434
6435
6437
6438
6443
6444
6446
6447
6450
6451
6454
6455
6457
6458
6459
6461
6462
6465
6466
6470
6471
6472
6473
6475
6477
6478
6479
6480
6481
6482
6483
6484
6485
6487
6488
6490
6491
6494
6496
6497
6498
6502
6503
6504
6505
6506
6510
6512
6515
6516
6517
6518
6520
6521
6524
6525
6526
6528
6529
6530
6531
6532
6535
6536
6538
6539
6540
6541
6542
6544
6545
6546
6548
6549
6550
6551
6552
6553
6556
6557
6559
6560
6561
6562
6563
6564
6566
6567
6568
6569
6570
6571
6572
6573
6574
6577
6578
6580
6581
6582
6583
6585
6586
6589
6591
6594
6595
6597
6598
6599
6600
6602
6604
6605
6606
6607
6608
6611
6614
6615
6616
6620
6627
6628
6629
6630
6632
6635
6636
6637
6639
6640
6641
6642
6643
6644
6645
6646
6647
6649
6650
6651
6652
6655
6656
6658
6660
6661
6663
6664
6667
6669
6670
6671
6672
6673
6674
6676
6677
6678
6680
6681
6682
6683
6685
6686
6687
6688
6691
6693
6698
6699
6701
6702
6703
6704
6706
6707
6708
6709
6711
6715
6716
6718
6719
6721
6722
6723
6724
6725
6726
6728
6729
6730
6732
6736
6738
6740
6741
6742
6743
6744
6746
6751
6752
6753
6755
6756
6758
6760
6764
6767
6769
6771
6772
6773
6775
6777
6779
6780
6784
6786
6792
6793
6795
6796
6797
6799
6800
6801
6802
6804
6806
6810
6812
6813
6815
6816
6818
6819
6820
6823
6824
6825
6826
6830
6831
6832
6833
6836
6839
6840
6841
6842
6843
6846
6848
6853
6856
6859
6860
6864
6865
6866
6867
6868
6869
6872
6874
6875
6877
6882
6883
6884
6886
6887
6888
6889
6891
6893
6894
6898
6900
6901
6903
6904
6906
6909
6910
6911
6912
6915
6917
6918
6922
6924
6929
6930
6931
6933
6935
6939
6940
6941
6942
6944
6945
6946
6948
6949
6951
6952
6953
6957
6964
6966
6968
6970
6971
6973
6974
6975
6976
6977
6978
6979
6980
6981
6982
6984
6988
6989
6990
6992
6993
6998
6999
7000
7001
7003
7004
7005
7007
7008
7009
7010
7011
7012
7014
7015
7017
7018
7019
7021
7022
7023
7024
7025
7026
7029
7031
7032
7033
7037
7038
7039
7042
7044
7045
7047
7049
7050
7051
7053
7054
7055
7056
7058
7060
7064
7065
7066
7067
7069
7070
7071
7073
7074
7076
7077
7078
7080
7081
7082
7083
7085
7087
7090
7091
7093
7094
7095
7100
7103
7104
7105
7107
7108
7109
7112
7115
7116
7117
7118
7119
7120
7125
7127
7129
7130
7131
7132
7135
7136
7143
7144
7145
7149
7150
7151
7152
7154
7158
7159
7160
7161
7163
7166
7167
7168
7169
7170
7171
7172
7173
7174
7175
7176
7179
7181
7184
7185
7186
7187
7189
7190
7191
7193
7194
7195
7197
7203
7204
7205
7206
7208
7209
7211
7212
7213
7214
7215
7216
7217
7218
7223
7224
7225
7226
7227
7228
7229
7231
7232
7234
7237
7238
7239
7240
7241
7243
7246
7247
7248
7249
7250
7251
7252
7253
7254
7255
7257
7260
7261
7266
7267
7269
7273
7274
7275
7280
7281
7283
7284
7285
7286
7288
7290
7291
7292
7294
7298
7299
7301
7304
7305
7307
7308
7310
7311
7315
7316
7317
7318
7319
7322
7324
7325
7326
7327
7328
7330
7331
7332
7333
7334
7335
7337
7338
7339
7340
7341
7342
7343
7344
7345
7346
7347
7348
7349
7350
7352
7354
7356
7360
7361
7362
7366
7368
7369
7370
7371
7373
7374
7375
7376
7377
7379
7381
7382
7383
7386
7387
7388
7395
7396
7398
7400
7403
7404
7406
7408
7409
7412
7413
7414
7415
7416
7419
7421
7422
7423
7425
7427
7429
7430
7431
7432
7433
7434
7436
7437
7440
7442
7443
7444
7445
7446
7447
7449
7450
7451
7452
7453
7454
7455
7456
7457
7458
7459
7463
7465
7468
7469
7470
7471
7473
7474
7475
7476
7477
7478
7479
7480
7482
7484
7485
7486
7490
7493
7495
7496
7498
7502
7503
7504
7505
7506
7507
7508
7511
7515
7516
7517
7518
7519
7521
7522
7524
7528
7529
7530
7532
7534
7535
7536
7540
7541
7542
7543
7545
7546
7548
7549
7550
7551
7552
7554
7555
7560
7562
7563
7566
7569
7570
7571
7574
7577
7578
7579
7580
7584
7586
7588
7589
7591
7592
7593
7594
7595
7596
7597
7598
7599
7600
7601
7602
7603
7604
7607
7611
7614
7615
7616
7618
7620
7621
7625
7626
7627
7628
7629
7630
7632
7633
7634
7635
7636
7637
7639
7641
7642
7643
7644
7645
7646
7649
7650
7660
7661
7663
7664
7665
7666
7668
7669
7670
7671
7672
7676
7677
7678
7680
7681
7683
7684
7685
7688
7689
7690
7691
7693
7695
7696
7698
7699
7703
7704
7705
7707
7708
7709
7711
7713
7716
7717
7718
7719
7721
7722
7723
7724
7725
7726
7730
7731
7733
7734
7736
7737
7738
7740
7741
7742
7745
7746
7747
7748
7749
7750
7751
7752
7754
7757
7758
7760
7761
7763
7766
7767
7768
7769
7770
7771
7772
7774
7775
7776
7777
7778
7780
7781
7782
7783
7784
7785
7786
7787
7788
7790
7792
7793
7795
7796
7797
7798
7799
7804
7806
7807
7809
7811
7813
7815
7816
7819
7820
7823
7824
7825
7826
7827
7828
7831
7832
7833
7834
7837
7838
7841
7843
7844
7845
7848
7849
7850
7851
7852
7854
7855
7856
7857
7858
7859
7860
7863
7864
7866
7867
7868
7869
7870
7871
7873
7875
7878
7880
7881
7882
7883
7885
7887
7888
7891
7892
7893
7896
7897
7899
7900
7901
7903
7904
7905
7909
7910
7911
7912
7913
7918
7920
7921
7924
7925
7926
7928
7929
7930
7932
7935
7937
7940
7943
7944
7945
7946
7947
7948
7949
7950
7951
7952
7954
7955
7956
7959
7961
7962
7963
7964
7965
7968
7969
7971
7972
7973
7975
7976
7977
7978
7980
7981
7982
7983
7985
7986
7988
7989
7990
7994
7995
7996
7999
8000
8002
8005
8006
8007
8012
8015
8016
8018
8020
8023
8026
8027
8030
8032
8034
8035
8037
8039
8041
8042
8045
8047
8049
8050
8052
8053
8054
8055
8056
8057
8060
8065
8067
8069
8072
8073
8075
8077
8078
8080
8081
8082
8083
8084
8086
8090
8096
8097
8098
8099
8103
8105
8106
8108
8111
8112
8113
8115
8116
8117
8118
8119
8121
8122
8123
8124
8125
8126
8128
8130
8131
8134
8135
8136
8137
8138
8140
8143
8150
8151
8152
8153
8155
8156
8157
8158
8161
8162
8163
8164
8165
8167
8168
8169
8171
8172
8180
8184
8186
8188
8189
8190
8192
8200
8202
8205
8206
8209
8211
8212
8213
8214
8215
8216
8221
8222
8223
8224
8229
8233
8234
8236
8237
8241
8245
8246
8247
8249
8250
8253
8254
8255
8260
8262
8264
8265
8268
8269
8271
8272
8273
8278
8279
8280
8281
8282
8288
8292
8294
8295
8296
8297
8299
8304
8305
8306
8308
8310
8311
8313
8315
8316
8317
8320
8322
8325
8326
8327
8329
8330
8331
8333
8335
8336
8338
8339
8341
8342
8344
8345
8348
8349
8354
8355
8358
8359
8360
8363
8366
8368
8369
8370
8372
8373
8374
8378
8379
8380
8381
8383
8386
8387
8388
8389
8390
8393
8394
8395
8396
8398
8400
8403
8404
8406
8410
8411
8412
8414
8416
8417
8419
8423
8424
8425
8426
8429
8430
8431
8432
8433
8435
8436
8439
8444
8445
8446
8448
8451
8452
8455
8456
8459
8460
8462
8463
8464
8465
8467
8468
8470
8471
8472
8473
8474
8476
8478
8479
8482
8483
8484
8485
8486
8487
8488
8489
8491
8492
8493
8494
8495
8496
8497
8498
8502
8504
8508
8510
8511
8512
8513
8515
8516
8519
8520
8521
8525
8528
8529
8530
8531
8533
8534
8535
8539
8540
8542
8545
8546
8547
8549
8550
8553
8554
8555
8556
8560
8562
8568
8569
8570
8571
8572
8574
8575
8577
8580
8582
8583
8585
8587
8590
8591
8593
8594
8597
8600
8603
8604
8605
8609
8612
8613
8614
8616
8617
8620
8622
8624
8625
8626
8632
8633
8634
8635
8637
8638
8639
8643
8644
8646
8648
8651
8652
8653
8654
8657
8659
8660
8661
8662
8663
8664
8667
8669
8670
8671
8673
8676
8679
8682
8683
8685
8686
8687
8688
8689
8690
8693
8695
8696
8697
8702
8703
8704
8706
8707
8708
8710
8712
8715
8718
8719
8720
8723
8724
8725
8726
8727
8728
8733
8738
8739
8740
8741
8742
8744
8745
8746
8749
8751
8752
8753
8754
8755
8758
8760
8762
8766
8767
8768
8769
8770
8771
8772
8773
8775
8776
8779
8780
8781
8782
8785
8786
8788
8789
8790
8793
8796
8798
8799
8801
8802
8803
8806
8807
8808
8810
8813
8815
8819
8820
8821
8825
8826
8827
8828
8830
8831
8832
8833
8834
8835
8836
8837
8838
8839
8841
8843
8844
8845
8846
8850
8851
8854
8855
8856
8857
8858
8859
8860
8864
8866
8868
8870
8871
8872
8873
8874
8876
8877
8878
8880
8881
8883
8884
8885
8886
8889
8890
8891
8892
8894
8896
8897
8901
8905
8906
8907
8909
8910
8911
8914
8915
8916
8917
8918
8919
8920
8921
8922
8924
8925
8926
8927
8929
8930
8932
8933
8934
8935
8936
8937
8938
8939
8941
8943
8946
8947
8948
8949
8950
8951
8953
8954
8956
8958
8960
8961
8962
8964
8965
8966
8969
8970
8971
8972
8975
8976
8978
8980
8981
8983
8984
8985
8986
8987
8988
8989
8990
8991
8993
8995
8996
8997
8998
9001
9008
9010
9011
9012
9013
9015
9020
9021
9023
9025
9028
9029
9032
9034
9036
9037
9039
9040
9042
9043
9044
9045
9047
9050
9053
9054
9055
9056
9057
9058
9060
9061
9063
9064
9065
9066
9067
9068
9069
9071
9072
9073
9075
9076
9077
9078
9081
9083
9085
9086
9088
9089
9090
9093
9096
9098
9099
9100
9101
9102
9104
9106
9108
9109
9115
9117
9118
9120
9121
9124
9125
9126
9127
9129
9130
9131
9132
9135
9137
9138
9140
9145
9147
9150
9151
9155
9156
9157
9158
9161
9162
9163
9164
9165
9166
9167
9168
9171
9172
9173
9175
9178
9179
9183
9184
9186
9189
9192
9193
9194
9196
9198
9200
9202
9203
9206
9209
9210
9211
9212
9213
9214
9215
9217
9218
9221
9223
9224
9225
9228
9229
9231
9232
9234
9235
9236
9238
9239
9240
9243
9246
9250
9252
9253
9254
9256
9259
9260
9261
9263
9264
9266
9268
9270
9271
9272
9273
9276
9278
9279
9282
9286
9288
9289
9290
9291
9292
9293
9294
9295
9296
9297
9298
9299
9301
9302
9303
9304
9305
9307
9310
9313
9314
9315
9316
9317
9322
9324
9326
9327
9329
9330
9332
9333
9335
9339
9340
9341
9343
9347
9353
9354
9355
9358
9359
9360
9361
9362
9363
9364
9365
9367
9369
9371
9374
9375
9376
9377
9379
9380
9382
9385
9389
9390
9392
9394
9396
9397
9399
9400
9402
9403
9404
9407
9408
9409
9410
9411
9412
9415
9416
9419
9420
9421
9422
9423
9425
9426
9427
9429
9430
9432
9434
9436
9437
9438
9441
9442
9444
9445
9448
9449
9450
9451
9452
9454
9455
9456
9457
9458
9460
9461
9464
9465
9468
9471
9473
9475
9478
9480
9483
9489
9492
9493
9494
9495
9496
9498
9499
9500
9501
9502
9504
9505
9509
9510
9512
9514
9515
9518
9519
9520
9521
9522
9523
9527
9528
9534
9535
9536
9537
9538
9539
9541
9542
9543
9546
9547
9548
9549
9550
9551
9552
9557
9558
9559
9560
9562
9564
9565
9566
9567
9570
9571
9572
9573
9574
9575
9579
9581
9582
9585
9586
9588
9589
9590
9593
9596
9598
9600
9601
9602
9603
9604
9606
9607
9608
9609
9610
9611
9612
9614
9615
9616
9617
9618
9619
9620
9621
9622
9623
9628
9629
9632
9634
9636
9637
9638
9639
9640
9642
9643
9644
9645
9648
9649
9651
9654
9656
9657
9658
9659
9663
9664
9665
9666
9667
9668
9669
9672
9674
9676
9678
9679
9682
9683
9686
9687
9688
9689
9692
9693
9694
9698
9699
9701
9702
9703
9704
9705
9707
9709
9710
9712
9714
9717
9718
9720
9722
9724
9725
9726
9727
9728
9729
9730
9731
9732
9735
9738
9740
9741
9743
9744
9745
9747
9750
9751
9753
9754
9755
9756
9757
9764
9765
9768
9769
9770
9771
9778
9779
9780
9781
9787
9788
9792
9794
9796
9797
9798
9799
9800
9801
9802
9806
9808
9809
9810
9813
9816
9818
9820
9821
9824
9825
9826
9827
9828
9829
9830
9831
9832
9835
9836
9837
9838
9841
9844
9845
9846
9851
9852
9853
9854
9855
9857
9858
9863
9864
9867
9868
9871
9872
9873
9876
9878
9881
9883
9885
9886
9889
9890
9891
9893
9894
9895
9897
9899
9901
9902
9904
9905
9907
9908
9909
9910
9912
9913
9914
9915
9916
9918
9922
9923
9929
9930
9933
9934
9935
9937
9939
9940
9941
9942
9943
9945
9947
9950
9951
9952
9953
9959
9961
9962
9964
9965
9968
9971
9972
9973
9976
9979
9980
9981
9982
9984
9986
9988
9989
9992
9996
9997
9998
9999
10000
10002
10003
10005
10007
10008
10009
10011
10013
10016
10017
10019
10023
10024
10031
10032
10033
10034
10037
10038
10040
10043
10044
10047
10048
10049
10050
10052
10053
10055
10056
10058
10059
10061
10062
10063
10064
10065
10068
10070
10072
10076
10077
10080
10081
10082
10083
10084
10086
10090
10091
10092
10093
10094
10095
10097
10098
10100
10101
10102
10110
10114
10116
10119
10121
10122
10126
10127
10128
10129
10131
10133
10134
10135
10137
10138
10139
10140
10141
10144
10147
10150
10151
10152
10153
10158
10160
10161
10163
10164
10166
10169
10170
10171
10173
10174
10178
10179
10180
10182
10183
10184
10185
10186
10187
10188
10189
10190
10191
10192
10193
10195
10197
10199
10200
10202
10205
10206
10208
10209
10210
10212
10213
10216
10217
10218
10219
10224
10225
10226
10227
10229
10230
10232
10233
10234
10235
10236
10237
10238
10239
10240
10241
10242
10243
10244
10245
10248
10249
10250
10251
10253
10254
10257
10258
10264
10265
10266
10267
10268
10269
10271
10274
10276
10278
10280
10283
10285
10286
10288
10290
10292
10293
10294
10295
10296
10297
10300
10301
10302
10303
10305
10308
10310
10311
10312
10313
10315
10316
10317
10318
10320
10325
10326
10329
10330
10331
10332
10333
10334
10335
10336
10337
10338
10339
10340
10344
10345
10346
10347
10348
10349
10353
10359
10360
10361
10362
10363
10366
10368
10370
10374
10375
10376
10377
10378
10379
10380
10381
10383
10384
10385
10386
10388
10390
10392
10393
10394
10395
10397
10398
10400
10401
10403
10406
10407
10408
10410
10411
10415
10416
10417
10419
10421
10426
10427
10430
10431
10435
10436
10437
10438
10439
10440
10441
10442
10445
10447
10450
10451
10452
10454
10455
10457
10458
10459
10462
10463
10470
10475
10478
10480
10481
10482
10484
10485
10487
10489
10490
10491
10492
10498
10499
10500
10505
10508
10510
10512
10515
10516
10518
10520
10521
10524
10525
10526
10528
10529
10531
10533
10539
10540
10541
10542
10543
10545
10546
10547
10549
10550
10551
10552
10554
10555
10557
10560
10561
10562
10563
10564
10569
10573
10574
10577
10583
10584
10585
10586
10587
10588
10590
10591
10594
10596
10597
10598
10600
10602
10603
10605
10606
10607
10608
10609
10610
10611
10614
10615
10617
10618
10620
10621
10622
10623
10624
10632
10634
10635
10637
10638
10639
10640
10641
10642
10644
10645
10646
10647
10648
10650
10651
10652
10655
10656
10657
10660
10661
10664
10666
10668
10669
10670
10671
10674
10675
10679
10681
10682
10683
10687
10688
10691
10695
10697
10699
10700
10702
10705
10706
10707
10709
10710
10712
10713
10714
10721
10722
10725
10727
10728
10729
10730
10734
10735
10736
10742
10744
10746
10747
10748
10750
10751
10755
10757
10761
10762
10763
10765
10766
10768
10770
10773
10774
10775
10776
10778
10779
10781
10783
10784
10785
10786
10787
10788
10790
10796
10797
10802
10804
10805
10808
10809
10812
10813
10816
10818
10821
10824
10826
10828
10830
10831
10832
10834
10835
10843
10844
10845
10847
10848
10849
10850
10853
10856
10857
10860
10861
10863
10865
10866
10868
10869
10872
10873
10874
10875
10876
10877
10878
10879
10880
10881
10882
10884
10885
10887
10888
10889
10892
10893
10894
10896
10903
10906
10908
10909
10910
10912
10915
10916
10917
10919
10921
10923
10924
10925
10926
10927
10928
10929
10930
10931
10933
10936
10937
10938
10939
10940
10942
10943
10945
10948
10949
10951
10952
10953
10956
10957
10958
10960
10961
10963
10966
10968
10973
10974
10979
10980
10982
10984
10985
10990
10995
10997
10998
10999
11000
11001
11004
11005
11006
11009
11012
11015
11019
11020
11021
11022
11023
11025
11028
11029
11031
11032
11036
11037
11038
11039
11049
11050
11051
11052
11053
11054
11056
11058
11059
11060
11061
11062
11063
11065
11066
11067
11068
11069
11071
11073
11075
11077
11078
11080
11081
11082
11083
11092
11093
11094
11095
11097
11098
11099
11100
11103
11104
11105
11106
11107
11112
11113
11114
11116
11117
11119
11120
11122
11124
11125
11126
11127
11128
11130
11132
11134
11135
11137
11138
11142
11144
11147
11148
11149
11150
11151
11152
11154
11155
11156
11157
11158
11161
11162
11164
11167
11170
11172
11174
11175
11178
11179
11180
11181
11182
11185
11186
11188
11191
11194
11195
11196
11197
11198
11199
11200
11203
11206
11207
11210
11212
11213
11215
11216
11217
11221
11222
11224
11225
11227
11229
11230
11232
11235
11237
11238
11240
11241
11242
11243
11244
11245
11249
11250
11251
11252
11254
11256
11257
11261
11265
11267
11269
11271
11272
11274
11275
11276
11279
11280
11282
11283
11287
11288
11290
11291
11292
11293
11299
11300
11304
11305
11307
11308
11309
11310
11312
11313
11314
11315
11316
11317
11319
11320
11321
11322
11323
11325
11328
11330
11331
11332
11333
11335
11336
11339
11340
11341
11343
11344
11345
11346
11347
11349
11351
11354
11356
11357
11358
11359
11361
11362
11363
11364
11366
11369
11370
11372
11374
11375
11378
11379
11380
11382
11383
11384
11387
11388
11390
11391
11392
11394
11397
11398
11399
11400
11404
11406
11407
11408
11411
11412
11413
11415
11416
11419
11420
11422
11423
11426
11427
11428
11429
11431
11432
11434
11435
11436
11437
11438
11439
11440
11442
11443
11444
11447
11448
11449
11450
11451
11452
11454
11456
11458
11460
11465
11467
11470
11471
11473
11477
11478
11480
11481
11483
11484
11485
11487
11488
11489
11492
11494
11496
11497
11498
11499
11502
11503
11505
11506
11507
11512
11514
11515
11516
11517
11518
11522
11525
11526
11528
11529
11530
11531
11533
11534
11535
11539
11540
11541
11542
11545
11548
11550
11552
11553
11555
11557
11561
11563
11564
11565
11566
11568
11572
11573
11574
11576
11577
11578
11579
11580
11581
11582
11583
11584
11585
11587
11588
11589
11590
11591
11592
11594
11596
11598
11599
11603
11604
11606
11608
11609
11611
11612
11616
11617
11618
11621
11624
11626
11627
11628
11629
11631
11632
11633
11634
11636
11637
11640
11641
11644
11646
11647
11648
11650
11651
11652
11655
11657
11658
11660
11661
11663
11664
11666
11667
11668
11669
11671
11672
11673
11675
11676
11677
11678
11680
11684
11687
11690
11694
11696
11699
11701
11703
11704
11711
11712
11715
11716
11718
11719
11720
11721
11723
11724
11733
11734
11736
11738
11740
11741
11742
11744
11747
11748
11750
11751
11753
11758
11760
11761
11767
11771
11773
11774
11775
11780
11783
11784
11785
11787
11789
11790
11791
11793
11794
11795
11796
11797
11799
11802
11803
11807
11808
11809
11810
11812
11813
11814
11815
11816
11817
11818
11819
11821
11822
11823
11825
11826
11828
11830
11832
11835
11837
11839
11843
11844
11846
11847
11848
11850
11851
11853
11857
11858
11859
11860
11861
11862
11863
11864
11867
11868
11873
11874
11875
11876
11878
11879
11880
11883
11884
11885
11886
11887
11888
11890
11892
11893
11894
11895
11897
11900
11901
11903
11905
11906
11908
11909
11911
11912
11913
11914
11915
11916
11917
11919
11920
11921
11924
11926
11927
11928
11929
11930
11933
11934
11935
11939
11941
11944
11949
11950
11951
11953
11954
11955
11956
11958
11959
11960
11961
11963
11967
11970
11971
11972
11973
11974
11977
11979
11980
11981
11982
11983
11984
11986
11987
11988
11990
11995
11996
11997
11999
12001
12004
12006
12007
12011
12013
12015
12016
12018
12021
12022
12023
12024
12025
12028
12029
12030
12033
12036
12037
12040
12041
12042
12045
12047
12050
12051
12052
12053
12061
12062
12063
12064
12065
12066
12067
12068
12069
12070
12072
12074
12077
12078
12079
12081
12082
12085
12086
12087
12090
12093
12094
12095
12096
12097
12099
12100
12101
12104
12106
12107
12109
12111
12112
12114
12115
12116
12117
12118
12121
12123
12125
12126
12128
12132
12133
12134
12138
12140
12147
12154
12156
12158
12159
12161
12164
12167
12168
12169
12171
12172
12173
12174
12175
12176
12178
12179
12180
12184
12186
12187
12191
12192
12195
12196
12201
12202
12203
12204
12206
12208
12209
12210
12212
12213
12215
12216
12220
12221
12222
12223
12224
12225
12228
12229
12230
12231
12234
12239
12242
12243
12244
12245
12249
12250
12252
12253
12255
12256
12257
12259
12263
12264
12265
12266
12270
12272
12274
12277
12278
12279
12280
12282
12283
12284
12285
12288
12289
12291
12293
12294
12296
12297
12300
12301
12302
12303
12304
12305
12308
12309
12312
12316
12317
12318
12319
12320
12321
12322
12324
12326
12327
12330
12336
12338
12339
12340
12344
12345
12349
12350
12351
12354
12356
12357
12358
12359
12360
12361
12362
12364
12365
12369
12370
12375
12379
12380
12381
12383
12384
12386
12390
12393
12395
12396
12397
12403
12404
12405
12406
12409
12411
12412
12413
12414
12415
12417
12418
12420
12423
12426
12431
12432
12433
12434
12435
12436
12437
12441
12442
12444
12445
12447
12448
12449
12450
12452
12453
12454
12457
12459
12460
12461
12464
12465
12467
12469
12472
12473
12475
12476
12477
12479
12480
12483
12484
12489
12490
12491
12492
12494
12495
12496
12497
12498
12499
12501
12503
12505
12510
12511
12512
12513
12514
12515
12517
12518
12519
12520
12521
12522
12523
12526
12528
12531
12535
12538
12539
12541
12544
12546
12547
12548
12550
12552
12554
12555
12556
12557
12558
12559
12560
12561
12562
12567
12569
12570
12571
12572
12573
12574
12576
12577
12581
12583
12584
12585
12586
12587
12589
12590
12591
12592
12594
12596
12597
12599
12600
12603
12604
12605
12607
12608
12610
12611
12613
12614
12615
12616
12617
12618
12622
12623
12624
12625
12626
12627
12630
12631
12633
12634
12635
12636
12637
12638
12639
12641
12642
12645
12647
12649
12650
12652
12655
12656
12657
12658
12660
12661
12662
12663
12664
12666
12667
12671
12673
12674
12675
12676
12677
12682
12684
12685
12686
12687
12688
12689
12690
12692
12693
12694
12696
12697
12700
12702
12705
12706
12708
12709
12711
12713
12714
12715
12717
12718
12719
12723
12724
12726
12727
12728
12730
12732
12736
12737
12738
12739
12740
12742
12743
12744
12745
12746
12747
12748
12750
12754
12755
12756
12757
12758
12760
12761
12762
12763
12769
12773
12777
12780
12784
12785
12788
12797
12798
12802
12803
12804
12805
12806
12808
12810
12814
12816
12821
12826
12835
12840
12843
12844
12848
12856
12857
12858
12859
12862
12864
12867
12872
12874
12878
12880
12881
12882
12887
12888
12890
12893
12894
12895
12896
12897
12904
12905
12909
12911
12912
12916
12917
12918
12921
12924
12926
12928
12930
12934
12936
12940
12945
12946
12948
12950
12954
12958
12959
12962
12965
12967
12970
12971
12975
12977
12978
12980
12986
12990
12993
12994
13001
13003
13006
13007
13008
13009
13012
13016
13017
13020
13025
13031
13032
13034
13035
13038
13039
13040
13041
13042
13047
13051
13055
13056
13057
13058
13064
13066
13067
13069
13072
13074
13076
13082
13090
13092
13093
13094
13099
13101
13106
13108
13111
13114
13116
13117
13119
13121
13122
13123
13131
13135
13140
13141
13142
13143
13152
13153
13155
13158
13160
13161
13163
13164
13168
13169
13173
13175
13177
13178
13186
13193
13199
13201
13202
13207
13214
13218
13220
13221
13222
13224
13227
13228
13229
13233
13238
13240
13243
13245
13246
13247
13251
13253
13254
13257
13259
13260
13261
13263
13268
13269
13273
13275
13281
13288
13289
13292
13294
13297
13300
13305
13312
13313
13317
13321
13322
13325
13328
13334
13340
13343
13346
13349
13350
13355
13361
13363
13364
13368
13371
13373
13376
13378
13380
13382
13384
13385
13387
13389
13394
13395
13396
13402
13404
13408
13419
13426
13431
13432
13433
13435
13437
13439
13440
13441
13443
13445
13447
13448
13451
13454
13455
13457
13459
13461
13465
13471
13474
13486
13494
13497
13501
13502
13508
13511
13513
13516
13517
13518
13521
13532
13533
13538
13540
13541
13543
13545
13549
13554
13559
13561
13562
13566
13568
13569
13570
13575
13578
13579
13582
13585
13590
13595
13599
13604
13605
13607
13608
13611
13622
13625
13626
13627
13628
13629
13637
13639
13640
13645
13647
13648
13651
13654
13659
13660
13662
13665
13675
13676
13677
13678
13679
13683
13684
13685
13687
13688
13689
13690
13696
13699
13703
13708
13710
13711
13712
13719
13721
13722
13723
13727
13732
13733
13737
13740
13744
13747
13749
13750
13752
13754
13758
13761
13763
13765
13769
13771
13774
13777
13779
13780
13781
13783
13785
13789
13790
13791
13795
13796
13797
13799
13801
13806
13816
13817
13818
13823
13826
13829
13833
13834
13835
13841
13843
13847
13849
13850
13851
13852
13853
13864
13866
13872
13875
13876
13877
13878
13879
13882
13884
13885
13887
13890
13891
13893
13898
13899
13901
13908
13909
13910
13913
13915
13921
13925
13926
13931
13932
13937
13939
13941
13943
13946
13948
13949
13950
13954
13959
13960
13963
13965
13966
13970
13971
13977
13980
13981
13983
13985
13987
13990
13991
13993
13994
14001
14003
14005
14006
14008
14009
14017
14023
14027
14037
14040
14041
14043
14045
14052
14064
14066
14067
14072
14079
14080
14082
14086
14087
14088
14091
14092
14095
14097
14099
14100
14101
14104
14105
14108
14109
14117
14119
14122
14124
14126
14130
14131
14132
14133
14135
14137
14140
14141
14145
14146
14149
14151
14154
14158
14162
14163
14164
14165
14166
14169
14175
14177
14178
14180
14181
14182
14183
14189
14190
14191
14193
14205
14207
14208
14209
14212
14214
14219
14221
14226
14236
14237
14239
14240
14241
14243
14244
14247
14248
14249
14251
14254
14255
14256
14258
14261
14263
14264
14267
14268
14269
14275
14278
14281
14282
14287
14288
14289
14291
14292
14295
14300
14303
14304
14305
14306
14308
14311
14312
14313
14317
14318
14319
14320
14322
14327
14328
14333
14334
14335
14339
14341
14344
14345
14349
14359
14360
14364
14365
14370
14372
14373
14377
14380
14381
14383
14384
14385
14393
14394
14399
14404
14411
14412
14414
14422
14425
14429
14430
14431
14434
14442
14443
14446
14448
14449
14450
14451
14452
14454
14456
14459
14461
14462
14469
14470
14473
14474
14477
14480
14482
14486
14488
14490
14495
14496
14497
14499
14500
14502
14506
14507
14508
14510
14511
14515
14516
14519
14521
14524
14533
14535
14540
14542
14546
14547
14548
14555
14557
14561
14562
14564
14565
14569
14570
14573
14574
14575
14578
14579
14593
14594
14597
14603
14604
14607
14610
14612
14615
14621
14626
14628
14629
14631
14633
14636
14638
14639
14642
14645
14646
14648
14650
14653
14659
14664
14665
14666
14667
14668
14670
14674
14680
14681
14682
14683
14684
14687
14690
14691
14696
14697
14700
14701
14703
14704
14705
14706
14711
14712
14715
14725
14728
14729
14730
14732
14733
14734
14735
14736
14737
14739
14741
14742
14743
14747
14749
14751
14753
14755
14756
14758
14759
14761
14764
14768
14770
14774
14775
14778
14779
14780
14785
14786
14787
14788
14799
14804
14805
14807
14813
14815
14823
14825
14826
14835
14839
14840
14842
14843
14847
14851
14862
14863
14864
14867
14869
14874
14875
14881
14882
14883
14884
14885
14886
14888
14889
14891
14893
14894
14898
14899
14900
14903
14904
14910
14912
14915
14916
14917
14919
14921
14925
14934
14935
14937
14939
14940
14948
14951
14952
14956
14957
14961
14966
14975
14980
14981
14984
14987
14993
14997
15010
15015
15018
15019
15027
15030
15037
15039
15040
15042
15044
15048
15049
15050
15055
15057
15058
15060
15063
15064
15065
15066
15067
15068
15076
15078
15079
15085
15086
15087
15088
15091
15093
15094
15095
15097
15098
15106
15107
15109
15110
15112
15114
15115
15118
15121
15124
15125
15126
15130
15133
15134
15135
15138
15140
15141
15143
15146
15151
15153
15155
15157
15158
15160
15161
15164
15166
15169
15178
15181
15184
15185
15186
15187
15191
15195
15200
15203
15204
15207
15211
15213
15214
15216
15220
15223
15228
15229
15230
15233
15234
15235
15236
15242
15243
15248
15260
15261
15263
15266
15269
15273
15274
15276
15279
15280
15281
15283
15287
15288
15289
15293
15294
15298
15304
15305
15306
15308
15314
15315
15318
15331
15337
15340
15341
15342
15346
15347
15348
15349
15350
15365
15366
15370
15371
15375
15378
15389
15390
15392
15400
15402
15404
15406
15407
15410
15412
15413
15417
15419
15425
15427
15434
15435
15438
15443
15444
15447
15453
15459
15462
15464
15465
15470
15471
15477
15484
15485
15488
15491
15492
15495
15498
15499
15500
15501
15507
15508
15509
15511
15512
15515
15518
15529
15530
15531
15532
15535
15539
15540
15541
15542
15545
15546
15548
15551
15552
15556
15559
15562
15565
15566
15570
15571
15578
15579
15582
15584
15589
15591
15592
15594
15597
15605
15607
15608
15610
15612
15613
15614
15618
15619
15620
15622
15624
15630
15637
15638
15639
15643
15644
15645
15650
15653
15655
15657
15658
15661
15665
15670
15672
15677
15679
15682
15690
15692
15695
15700
15702
15706
15710
15713
15714
15715
15716
15724
15725
15728
15730
15734
15735
15737
15738
15750
15751
15752
15753
15754
15755
15757
15758
15759
15760
15765
15767
15768
15769
15774
15782
15783
15784
15786
15789
15800
15801
15804
15808
15811
15814
15816
15817
15819
15820
15825
15827
15830
15833
15834
15837
15842
15843
15844
15845
15846
15848
15850
15855
15857
15861
15862
15865
15866
15870
15872
15874
15875
15877
15886
15889
15892
15903
15908
15917
15920
15922
15924
15925
15927
15928
15930
15934
15937
15938
15940
15951
15956
15957
15960
15963
15965
15966
15967
15968
15970
15971
15975
15978
15979
15980
15983
15987
15989
15990
15991
15992
15998
16001
16002
16003
16004
16011
16013
16018
16019
16020
16026
16030
16031
16035
16038
16040
16042
16045
16047
16048
16058
16060
16069
16072
16076
16078
16079
16087
16088
16090
16091
16096
16099
16100
16101
16102
16105
16108
16110
16114
16115
16120
16122
16123
16125
16129
16130
16131
16133
16134
16136
16138
16144
16145
16149
16150
16151
16153
16155
16157
16158
16159
16160
16161
16162
16163
16164
16165
16172
16173
16174
16176
16183
16184
16185
16188
16189
16192
16197
16198
16200
16206
16207
16208
16210
16211
16212
16214
16215
16223
16224
16226
16229
16233
16237
16239
16242
16243
16244
16250
16252
16256
16258
16259
16264
16265
16266
16267
16270
16271
16284
16288
16297
16300
16303
16307
16309
16310
16317
16318
16319
16323
16326
16329
16333
16335
16338
16341
16347
16352
16354
16360
16362
16369
16378
16379
16381
16385
16388
16391
16392
16394
16395
16398
16400
16410
16414
16419
16424
16426
16431
16432
16437
16443
16444
16445
16446
16449
16452
16454
16456
16458
16459
16460
16464
16467
16470
16471
16473
16474
16475
16479
16481
16482
16484
16488
16490
16492
16493
16497
16501
16504
16505
16510
16511
16514
16527
16530
16531
16532
16533
16537
16538
16539
16544
16545
16546
16547
16549
16552
16554
16556
16560
16562
16564
16567
16568
16569
16570
16571
16572
16578
16579
16581
16584
16586
16589
16590
16591
16595
16598
16599
16600
16603
16604
16605
16612
16615
16617
16620
16622
16630
16631
16632
16636
16637
16647
16648
16650
16654
16655
16657
16659
16661
16664
16668
16669
16680
16681
16682
16686
16689
16691
16697
16700
16701
16703
16704
16710
16711
16713
16716
16719
16720
16723
16726
16730
16731
16732
16737
16741
16746
16759
16762
16763
16764
16766
16767
16770
16773
16778
16782
16783
16784
16785
16786
16790
16792
16796
16804
16806
16809
16810
16816
16817
16821
16826
16827
16833
16834
16837
16839
16848
16855
16856
16858
16863
16864
16868
16872
16875
16876
16883
16886
16887
16895
16900
16903
16910
16911
16912
16914
16918
16919
16920
16921
16922
16923
16924
16925
16927
16930
16932
16938
16939
16941
16949
16950
16960
16961
16967
16968
16969
16970
16974
16980
16983
16984
16985
16988
16989
16992
16993
16997
16998
16999
17005
17006
17008
17009
17014
17017
17023
17024
17025
17029
17031
17037
17038
17039
17044
17046
17050
17053
17054
17055
17057
17060
17061
17071
17077
17078
17081
17086
17092
17098
17099
17101
17105
17106
17107
17108
17110
17111
17119
17124
17127
17130
17131
17133
17139
17143
17147
17151
17153
17154
17156
17161
17165
17167
17168
17172
17177
17181
17182
17184
17186
17189
17195
17200
17203
17204
17207
17209
17210
17211
17212
17219
17221
17222
17225
17230
17232
17234
17235
17237
17238
17243
17244
17246
17248
17257
17262
17263
17273
17277
17279
17280
17282
17283
17284
17290
17291
17293
17298
17299
17304
17305
17307
17311
17313
17314
17315
17317
17319
17323
17326
17327
17329
17330
17335
17336
17341
17342
17343
17344
17353
17358
17363
17364
17365
17366
17368
17379
17381
17383
17384
17388
17389
17391
17392
17393
17394
17395
17397
17404
17405
17408
17409
17413
17419
17420
17426
17427
17429
17431
17432
17434
17437
17438
17442
17443
17445
17456
17457
17461
17464
17468
17469
17470
17475
17477
17478
17479
17484
17485
17488
17489
17491
17492
17493
17495
17497
17499
17504
17505
17511
17512
17517
17522
17530
17532
17533
17535
17537
17538
17541
17547
17549
17550
17554
17558
17563
17565
17570
17574
17580
17581
17588
17599
17603
17605
17606
17607
17616
17618
17621
17623
17624
17626
17627
17628
17631
17633
17634
17635
17636
17640
17641
17643
17644
17647
17648
17652
17653
17656
17658
17659
17664
17672
17674
17675
17677
17680
17683
17684
17685
17686
17687
17688
17689
17692
17698
17701
17706
17709
17712
17714
17718
17722
17723
17726
17728
17729
17731
17732
17744
17748
17749
17752
17759
17764
17765
17767
17773
17780
17781
17783
17784
17787
17790
17791
17795
17796
17807
17810
17811
17812
17813
17817
17827
17831
17833
17836
17839
17842
17843
17845
17846
17848
17849
17850
17855
17858
17860
17861
17868
17874
17875
17876
17878
17881
17887
17889
17890
17896
17898
17899
17900
17904
17907
17910
17916
17921
17922
17924
17926
17929
17930
17939
17940
17945
17946
17949
17951
17952
17953
17955
17960
17963
17964
17966
17967
17972
17973
17974
17976
17987
17988
17990
17991
17994
17996
17998
17999
18001
18002
18006
18012
18015
18018
18023
18030
18031
18035
18041
18044
18046
18047
18050
18055
18056
18057
18058
18060
18061
18063
18066
18068
18072
18075
18076
18080
18083
18084
18091
18094
18095
18098
18100
18101
18110
18111
18113
18118
18121
18127
18130
18133
18136
18137
18143
18145
18146
18151
18153
18162
18163
18164
18166
18173
18176
18177
18179
18180
18183
18184
18185
18187
18193
18195
18196
18199
18202
18205
18206
18208
18211
18212
18214
18218
18222
18227
18232
18236
18238
18241
18244
18246
18247
18253
18269
18277
18280
18281
18283
18286
18290
18292
18294
18297
18299
18301
18304
18307
18309
18312
18319
18323
18325
18326
18327
18330
18335
18336
18339
18343
18350
18360
18361
18363
18364
18365
18366
18370
18371
18373
18382
18386
18387
18392
18394
18403
18409
18412
18415
18418
18422
18430
18437
18439
18440
18444
18446
18447
18448
18452
18456
18461
18463
18464
18468
18470
18471
18473
18479
18480
18484
18490
18491
18494
18496
18503
18504
18511
18516
18517
18519
18520
18521
18523
18526
18528
18532
18533
18535
18538
18540
18543
18545
18548
18551
18554
18555
18556
18560
18561
18562
18563
18565
18566
18567
18571
18573
18574
18576
18578
18582
18583
18591
18600
18601
18608
18609
18611
18616
18623
18629
18630
18634
18638
18640
18641
18642
18643
18644
18646
18653
18656
18657
18660
18661
18662
18663
18668
18670
18672
18675
18676
18683
18684
18686
18687
18690
18693
18699
18702
18704
18705
18706
18708
18711
18713
18715
18717
18722
18723
18725
18726
18733
18738
18739
18741
18743
18746
18747
18751
18753
18754
18755
18760
18762
18765
18767
18769
18781
18782
18785
18789
18792
18794
18795
18798
18802
18806
18813
18814
18815
18818
18822
18827
18828
18830
18833
18834
18836
18843
18847
18849
18851
18852
18853
18854
18856
18858
18860
18862
18867
18871
18883
18887
18898
18901
18905
18915
18918
18921
18930
18931
18932
18935
18937
18939
18940
18948
18951
18956
18959
18966
18968
18971
18973
18974
18977
18978
18995
18996
18997
19002
19003
19004
19005
19010
19011
19014
19015
19016
19022
19026
19029
19030
19032
19037
19039
19046
19048
19049
19058
19063
19068
19070
19071
19074
19078
19079
19090
19095
19096
19097
19098
19101
19103
19104
19105
19106
19109
19113
19119
19120
19124
19125
19127
19128
19132
19133
19138
19139
19141
19152
19155
19158
19159
19161
19162
19163
19170
19172
19173
19174
19178
19179
19181
19182
19183
19184
19186
19188
19189
19191
19193
19195
19196
19199
19203
19214
19216
19217
19218
19221
19222
19227
19228
19229
19230
19232
19233
19234
19237
19239
19240
19246
19247
19249
19250
19254
19258
19262
19265
19269
19270
19272
19276
19277
19280
19284
19287
19289
19292
19308
19309
19312
19313
19314
19315
19321
19327
19334
19338
19343
19346
19347
19353
19356
19360
19366
19367
19369
19371
19382
19386
19393
19395
19398
19403
19405
19409
19417
19419
19424
19427
19428
19434
19435
19441
19442
19443
19444
19448
19450
19452
19457
19464
19470
19471
19475
19477
19478
19481
19485
19490
19491
19496
19497
19500
19503
19505
19508
19520
19525
19531
19532
19535
19537
19538
19551
19552
19555
19563
19565
19571
19573
19578
19579
19580
19582
19584
19586
19589
19590
19592
19594
19595
19599
19600
19601
19609
19612
19613
19615
19628
19634
19636
19639
19640
19641
19646
19647
19651
19653
19661
19666
19669
19670
19671
19672
19675
19677
19679
19683
19684
19693
19694
19695
19697
19701
19709
19710
19713
19714
19723
19725
19733
19734
19735
19736
19738
19743
19750
19752
19760
19762
19765
19770
19772
19776
19778
19783
19784
19788
19790
19791
19793
19794
19798
19807
19810
19811
19812
19816
19818
19821
19824
19826
19832
19833
19835
19843
19849
19851
19853
19855
19859
19866
19871
19873
19877
19881
19885
19891
19892
19894
19900
19904
19906
19907
19909
19910
19911
19913
19916
19917
19918
19923
19925
19926
19929
19930
19933
19935
19936
19937
19938
19939
19940
19941
19942
19944
19946
19957
19958
19960
19961
19962
19964
19965
19970
19977
19978
19984
19987
19989
19990
19996
19997
19999
20000
